


























801 800 799 798 797 796 795 794 791 787 785 781 779 778 776 775 774 773 771 764 763 759 756 755 754 751 747 746 744 743 741 739 738 732 728 727 726 724 722 718 713 712 711 710 709 706 705 703 700 698 693 690 689 687 685 684 683 682 680 679 677 673 672 671 669 668 666 665 664 663 662 657 655 653 648 646 645 643 642 641 640 636 635 634 630 629 625 623 622 621 620 618 617 616 612 611 610 606 603 602 599 598 593 592 588 587 586 585 584 583 582 579 578 574 573 569 568 566 565 564 563 560 557 555 554 553 550 548 546 544 543 542 541 540 538 537 536 535 534 532 531 530 529 528 526 525 523 522 518 517 512 507 504 503 501 499 494 493 492 490 489 488 484 481 479 478 477 476 471 470 468 463 462 461 459 455 446 443 442 441 440 438 436 435 434 433 432 431 430 429 425 424 423 422 419 418 416 415 414 413 409 408 407 405 403 400 399 398 395 394 393 391 390 386 385 383 381 380 378 377 376 375 367 365 364 363 360 358 353 346 345 342 341 340 339 338 336 333 332 331 330 328 325 319 318 315 314 313 312 311 310 307 306 299 298 296 291 287 283 281 280 277 274 273 271 270 268 266 265 260 259 257 256 254 253 252 249 247 245 242 240 238 237 236 234 228 226 225 221 220 216 214 213 210 209 208 207 206 205 203 201 199 198 196 194 192 191 190 188 187 186 185 183 181 180 179 178 177 176 175 174 171 169 167 166 165 163 162 160 158 152 151 150 149 148 147 146 145 144 141 139 137 132 131 130 129 126 123 121 120 115 110 109 106 100 99 97 95 93 87 86 84 82 81 78 70 61 58 53 51 50 49 47 46 44 43 42 40 39 37 36 34 30 28 25 16 6 
786 785 784 780 779 778 777 773 768 767 763 757 755 754 749 747 743 740 737 733 732 728 727 725 724 721 718 716 715 714 712 710 704 703 702 697 695 691 690 688 687 685 684 682 680 679 678 677 676 675 673 671 670 667 662 661 660 659 658 657 653 650 649 644 637 634 630 628 627 626 625 623 621 617 612 610 608 607 606 604 602 601 600 596 595 594 592 591 588 587 586 585 583 582 580 579 576 573 570 568 567 566 565 561 559 558 554 545 544 543 538 537 533 526 519 517 514 513 512 511 508 507 506 505 503 502 501 494 493 492 491 490 488 484 482 481 479 478 475 473 472 470 467 464 461 460 458 457 456 455 454 451 450 449 448 447 445 444 443 442 440 439 436 433 432 430 423 421 420 419 417 416 414 410 405 404 403 400 399 398 397 395 394 393 392 391 383 382 380 379 378 377 376 374 373 372 369 367 365 364 362 356 355 350 349 348 342 327 326 322 318 316 315 314 313 310 309 308 307 306 303 302 300 299 297 293 291 290 287 284 283 280 279 278 275 271 270 268 262 261 259 258 256 255 254 250 248 246 244 241 240 238 235 234 230 222 218 216 212 206 202 201 194 193 192 190 188 187 185 184 183 182 180 178 175 170 169 166 164 161 159 158 156 152 149 145 144 142 141 140 139 132 131 129 128 124 121 120 118 117 113 112 106 88 87 86 85 84 82 71 62 61 53 45 44 43 41 37 34 27 26 25 
799 798 797 795 794 793 792 790 789 786 781 779 777 776 772 768 765 762 761 758 757 752 751 749 746 745 744 742 741 738 736 735 733 732 731 727 726 725 724 723 721 720 719 718 717 715 714 711 710 709 708 707 706 705 704 700 699 698 693 691 688 686 685 684 677 672 670 668 667 666 665 663 661 657 655 653 650 648 647 645 643 642 639 637 635 633 631 630 627 623 622 621 620 619 618 616 615 614 612 611 610 608 607 605 602 597 595 592 588 586 585 583 582 580 579 575 565 564 562 557 556 555 554 553 549 548 547 539 537 536 534 532 531 530 528 527 526 525 523 521 520 519 518 516 513 511 510 507 506 504 502 497 496 495 493 491 490 488 487 483 481 480 479 478 475 473 471 468 466 465 463 462 461 460 458 457 455 454 452 451 448 447 441 440 437 427 424 423 422 419 415 412 410 407 405 402 401 399 394 392 391 389 388 385 381 380 377 376 374 370 369 368 366 365 364 361 360 357 356 355 354 347 346 344 341 340 339 337 335 334 325 322 321 319 318 317 312 311 310 309 307 306 304 302 301 300 297 296 291 290 281 280 279 278 276 275 272 270 269 267 263 261 260 259 258 256 254 252 251 250 248 246 244 239 235 233 226 225 217 216 198 197 190 189 188 187 185 184 183 178 177 176 174 172 170 164 162 160 158 156 153 151 150 149 146 142 140 139 135 134 133 130 129 128 125 124 123 121 120 117 114 105 104 103 101 99 97 86 82 71 70 60 58 56 52 44 43 41 40 39 38 33 30 28 27 26 16 6 
796 793 789 787 786 785 784 777 775 774 771 764 763 759 756 755 750 740 738 736 734 731 730 729 728 724 722 720 719 717 715 711 709 708 705 704 702 700 699 695 694 693 691 690 688 687 682 681 678 676 674 671 665 658 654 652 649 648 646 645 643 642 640 638 636 633 632 630 628 627 626 625 624 623 620 619 618 617 615 614 613 612 611 609 604 603 602 599 593 591 588 587 586 585 584 582 579 577 575 573 572 570 569 568 565 564 563 560 557 555 554 553 550 548 543 542 541 540 538 535 531 530 528 524 522 520 519 517 516 514 513 512 511 509 506 505 500 498 496 486 485 481 480 478 474 472 470 469 468 466 464 462 461 458 453 451 449 448 445 441 431 430 426 422 419 418 414 411 405 403 400 399 398 397 396 394 393 392 390 389 388 387 386 385 384 383 382 380 378 377 376 375 374 372 369 368 367 365 364 362 360 359 358 357 352 346 345 342 341 340 339 338 336 333 332 331 330 325 323 318 317 311 310 309 308 307 306 302 300 297 293 287 283 281 280 279 277 276 274 272 270 269 268 266 265 262 260 259 258 257 256 253 252 251 250 244 239 237 235 228 226 225 221 220 216 214 213 209 206 203 202 200 199 197 196 194 192 188 187 186 185 184 182 181 179 178 175 172 166 165 164 163 162 160 157 156 154 153 152 148 147 146 145 143 141 140 137 136 135 134 132 131 130 129 128 127 124 123 121 120 116 110 109 106 100 99 97 95 92 88 86 85 82 81 78 71 70 61 58 53 50 45 44 41 40 38 36 33 30 28 27 26 16 6 
795 793 791 789 788 786 783 777 773 768 763 762 761 758 757 756 755 754 752 749 747 745 744 743 740 734 732 731 730 727 726 724 721 717 715 714 713 712 711 710 707 706 705 694 693 690 689 688 687 686 685 684 678 676 675 672 671 669 666 664 662 661 660 659 658 652 650 649 648 647 645 643 642 639 638 637 634 633 632 629 626 624 623 619 618 617 612 610 609 607 606 604 603 602 600 599 597 596 595 591 588 583 581 580 578 575 573 569 565 564 563 562 557 555 554 552 550 549 544 543 542 541 540 539 538 537 535 530 529 528 526 524 523 522 518 517 515 513 512 509 507 502 501 499 497 493 489 488 487 485 483 480 479 477 473 472 471 469 468 464 462 461 460 459 458 457 456 455 453 452 451 445 444 443 441 440 437 436 435 431 430 429 428 427 423 419 416 415 412 411 410 409 408 407 406 404 403 402 401 399 398 397 396 395 393 390 387 386 385 384 383 382 378 376 370 369 364 359 358 354 353 352 351 349 348 347 344 342 341 340 339 338 336 335 334 331 326 322 318 316 312 308 305 304 303 301 299 298 297 296 290 287 284 278 277 276 274 273 272 271 269 268 267 263 262 259 258 256 254 253 251 250 248 246 245 242 241 240 239 237 235 226 221 219 214 213 209 206 203 202 201 200 199 194 192 189 187 186 185 183 182 176 173 170 166 165 162 156 155 153 151 150 148 147 146 145 140 134 133 119 117 106 105 104 103 100 99 97 95 92 84 81 78 71 70 64 61 60 53 50 49 44 43 41 40 36 28 27 26 25 16 6 
794 793 792 791 790 789 788 786 784 783 782 781 779 778 777 775 774 773 772 771 768 764 763 761 760 759 758 756 754 753 751 749 748 747 745 743 742 740 735 734 733 730 728 725 722 720 717 714 713 710 709 708 706 703 702 700 698 697 696 694 693 690 689 688 686 685 684 683 680 676 675 672 671 670 669 667 666 663 660 656 655 652 651 648 647 646 645 642 641 640 634 632 631 627 626 624 622 620 619 618 616 615 614 612 611 609 604 601 600 599 597 594 593 591 590 589 588 583 582 581 580 579 576 573 572 571 570 569 568 567 563 557 554 551 550 549 548 545 543 542 541 540 533 532 531 530 527 522 520 518 515 513 510 509 508 507 506 504 503 502 501 499 497 496 495 494 493 490 487 486 485 483 482 481 478 477 476 475 474 473 471 470 469 467 466 465 464 463 462 460 459 458 452 450 449 447 446 445 443 439 437 434 433 430 429 427 426 425 420 418 417 415 414 413 411 407 406 403 400 398 397 394 393 388 387 385 383 382 379 378 377 375 374 371 370 368 367 366 365 363 361 360 359 357 356 355 353 351 346 340 339 336 333 332 331 328 323 322 321 319 318 317 315 314 313 312 311 310 307 305 304 303 300 291 287 285 279 278 275 273 272 270 268 263 261 256 254 252 250 249 248 247 245 244 243 241 240 239 237 235 228 225 222 220 209 208 207 205 202 201 200 198 194 193 192 188 187 184 183 182 180 177 174 173 172 169 165 164 163 162 161 160 156 152 147 146 144 143 142 140 137 135 132 129 117 115 113 99 95 93 92 88 86 85 84 82 81 78 71 64 58 50 49 48 45 43 41 38 36 30 28 26 25 
790 788 787 785 784 783 781 778 777 776 774 772 766 765 764 762 761 760 759 754 752 751 748 742 741 738 737 735 731 729 727 726 725 724 723 722 721 717 715 711 710 707 706 705 704 703 700 697 696 695 693 690 688 687 683 682 681 680 677 675 673 671 666 664 663 662 659 657 656 654 653 650 647 645 642 641 639 636 635 632 629 628 627 626 625 624 622 621 616 615 613 610 609 607 605 603 602 594 593 590 589 586 584 583 582 581 578 577 576 573 571 570 569 567 566 560 557 556 555 551 547 546 545 543 542 541 539 537 534 529 528 527 525 524 522 521 520 519 515 514 512 510 509 506 503 502 501 496 495 494 491 488 482 479 478 477 476 471 470 468 466 463 462 461 460 459 455 454 453 452 451 450 448 447 445 443 441 440 439 437 435 430 429 428 425 422 421 419 416 415 413 410 407 406 404 403 402 400 398 396 395 394 393 392 390 389 388 387 386 385 384 383 381 379 377 376 375 374 372 371 370 369 366 363 361 360 359 351 347 346 345 344 342 341 337 333 331 330 328 326 325 321 318 317 316 315 314 312 311 310 309 308 305 302 298 293 290 282 271 270 267 266 265 263 260 259 255 254 253 252 251 249 248 246 244 242 239 237 236 234 225 222 217 216 215 214 213 212 210 208 207 206 205 202 199 197 196 194 193 192 188 185 184 181 180 179 177 175 173 172 170 169 166 160 159 158 156 155 153 149 148 146 145 142 141 138 137 136 134 133 132 130 129 127 126 117 110 109 106 105 104 103 101 97 95 93 92 86 85 82 70 64 61 60 58 56 50 49 48 46 44 43 40 39 38 33 30 27 16 6 
789 788 786 781 780 776 773 772 771 768 764 762 761 759 758 757 752 751 749 746 745 741 740 739 738 733 732 731 730 729 727 726 723 722 721 719 718 715 714 713 710 709 707 706 704 702 700 699 697 695 691 689 688 686 684 682 680 679 678 677 675 670 668 667 666 665 663 662 659 657 655 654 650 648 647 646 645 644 643 638 637 633 632 631 627 624 622 621 620 617 616 614 610 609 608 606 605 603 601 600 598 597 595 594 592 590 588 587 586 584 581 580 579 578 577 572 571 570 567 565 564 562 560 553 552 549 548 546 539 536 534 532 531 526 525 523 520 518 516 514 513 512 510 509 505 504 503 502 499 498 496 489 488 487 485 484 482 479 477 473 471 470 469 467 466 464 463 461 460 458 457 454 451 449 448 446 445 444 439 437 436 435 432 431 430 428 427 424 423 421 420 418 417 411 409 408 404 398 395 392 389 388 387 386 383 379 378 375 372 371 370 369 368 367 362 361 357 355 354 352 351 349 348 347 346 345 344 335 334 333 332 330 328 326 325 322 319 313 309 308 307 305 303 301 298 293 290 288 284 283 281 280 279 276 274 273 272 270 268 267 266 265 261 258 257 256 254 253 252 249 248 246 245 244 243 241 240 239 238 234 233 232 228 225 220 219 216 210 208 207 205 202 200 198 195 194 192 190 189 188 187 183 181 180 179 177 175 173 172 170 169 168 167 166 164 163 161 157 154 152 149 148 147 146 144 142 141 138 137 136 135 134 131 130 129 125 124 123 121 119 118 117 116 115 114 113 110 109 105 104 103 93 92 88 87 86 85 84 82 64 60 58 51 47 46 45 42 39 38 34 33 28 
793 792 791 790 786 783 781 779 777 776 774 773 771 769 768 767 765 764 761 759 758 755 754 751 750 748 747 746 745 744 742 734 732 731 729 728 727 723 715 713 710 709 708 706 705 700 699 697 696 693 690 689 687 686 684 681 680 679 677 674 673 670 669 668 667 666 664 661 659 658 657 654 653 652 651 648 645 643 639 638 637 634 631 629 627 624 623 621 620 616 614 613 612 610 609 608 607 605 598 596 593 591 590 589 585 580 578 574 571 570 569 568 567 566 565 557 555 554 553 551 549 548 545 543 541 533 532 531 530 527 526 522 521 520 519 518 516 515 513 509 508 507 506 504 502 501 500 496 494 493 491 489 488 486 485 484 483 481 480 478 472 471 470 468 465 461 458 456 453 450 448 445 444 443 442 438 436 435 432 431 429 428 427 426 424 421 420 414 413 412 410 408 404 403 399 397 395 393 390 389 388 386 382 381 380 377 376 375 373 372 371 368 367 366 364 361 356 354 353 351 346 341 340 336 333 332 331 329 328 327 325 324 323 322 321 320 319 318 317 315 314 313 312 309 306 304 303 302 299 293 287 285 281 273 271 269 262 261 259 258 257 254 252 251 249 248 246 244 243 242 241 240 239 237 236 235 230 222 221 220 219 217 214 208 204 202 198 196 194 191 190 184 182 181 177 176 171 169 167 166 164 163 162 161 159 158 154 152 151 149 145 144 143 137 136 133 132 129 128 126 124 120 119 107 99 93 92 89 88 85 84 81 78 74 71 66 62 59 58 55 49 48 45 43 42 41 39 37 36 34 30 29 28 27 26 20 10 
788 787 784 783 780 778 775 772 771 769 767 764 763 762 761 760 759 758 757 756 752 749 748 745 744 743 741 738 737 736 735 734 733 731 730 727 726 724 721 717 711 709 708 706 705 704 703 702 699 698 697 695 694 691 690 688 684 679 678 677 676 675 674 673 672 668 667 666 664 663 662 656 654 653 646 645 642 641 640 639 637 636 635 632 631 628 626 625 624 622 621 620 619 618 612 610 608 606 602 598 595 593 590 587 583 582 581 579 577 574 573 572 568 564 563 557 556 555 554 549 547 545 544 542 540 539 538 537 536 535 534 533 530 527 526 524 522 520 511 507 505 504 503 501 500 499 498 497 496 494 493 492 490 489 488 487 484 483 480 478 476 474 469 467 466 465 462 460 459 454 453 452 451 449 448 446 445 441 440 438 437 436 435 431 430 429 428 425 423 422 421 420 416 413 411 409 408 407 406 405 403 398 396 387 386 383 381 378 376 374 370 369 368 366 363 361 360 359 358 355 353 349 348 346 341 340 338 337 334 332 329 328 327 326 323 322 320 318 317 316 315 314 313 312 309 308 307 306 303 291 290 289 288 287 286 285 283 281 278 276 275 274 273 271 270 268 267 263 261 259 258 251 250 249 248 244 243 241 240 239 238 234 232 230 226 224 222 220 216 215 214 209 208 206 204 202 201 200 199 197 196 190 189 187 184 182 181 180 179 178 177 175 174 173 172 170 167 165 163 162 160 158 157 156 155 153 152 150 149 148 147 144 143 142 140 138 137 135 134 131 130 128 127 126 124 122 120 119 117 116 114 113 107 106 103 102 101 100 99 95 93 92 89 88 86 84 74 66 64 62 61 59 58 57 56 55 53 50 48 45 42 41 39 38 33 30 29 20 10 
787 786 785 780 778 776 772 771 768 765 764 762 761 760 757 755 754 753 751 750 748 743 739 738 736 731 730 729 727 725 724 723 721 720 719 718 716 715 714 713 698 697 696 695 694 691 689 688 687 686 683 681 680 677 671 670 669 668 666 663 662 661 660 659 658 657 656 655 653 651 650 646 645 642 641 640 639 636 635 634 628 626 625 623 620 619 618 617 614 612 611 608 606 603 602 601 597 596 593 589 585 584 582 580 578 574 567 566 564 563 557 556 554 551 550 549 548 547 546 545 538 537 535 533 532 529 528 526 525 524 522 520 518 517 515 514 513 512 510 508 507 504 503 502 501 500 499 497 496 494 491 490 488 483 482 481 480 477 476 475 474 473 472 469 468 467 466 464 463 462 460 454 453 452 447 443 441 440 436 434 433 432 430 428 427 426 424 423 422 420 419 418 415 414 413 411 409 408 407 405 404 402 401 396 392 390 387 386 385 384 382 380 379 378 377 374 368 367 366 365 361 360 359 357 352 349 348 342 340 339 337 336 335 326 323 322 321 315 314 313 312 311 308 307 306 305 302 301 297 296 293 291 288 285 284 283 279 276 275 274 272 270 269 268 267 261 259 256 253 251 250 248 247 245 244 243 241 239 237 236 235 233 232 228 222 220 217 215 212 210 206 205 202 199 196 194 190 184 182 180 179 178 174 172 171 168 166 164 158 156 155 154 153 152 145 144 143 142 140 139 138 137 131 129 124 121 119 118 117 116 115 114 113 106 98 92 88 86 78 71 61 54 53 51 49 48 47 45 42 41 39 38 37 33 30 27 26 25 
785 781 780 779 777 776 774 773 772 771 768 767 766 765 763 762 761 759 758 757 753 745 743 741 738 735 730 725 723 718 717 715 714 710 709 708 705 704 702 700 698 697 695 690 687 685 680 679 677 674 671 670 669 666 664 662 659 658 655 653 651 649 646 643 642 636 634 633 631 630 628 625 624 623 621 615 611 610 609 608 607 606 605 604 603 602 596 594 593 592 590 588 587 586 585 584 583 582 581 579 578 577 576 575 574 571 569 568 566 565 564 561 560 559 558 557 556 554 553 550 547 546 545 542 541 537 535 534 532 531 530 529 528 525 523 519 518 516 514 512 511 508 504 498 497 496 495 494 492 491 488 487 486 485 484 480 479 478 477 470 468 467 465 462 457 454 453 451 449 448 445 443 439 433 431 429 428 427 424 423 422 420 419 417 416 414 413 411 410 409 408 407 406 405 403 402 398 397 392 391 389 386 385 384 382 381 380 378 374 372 371 369 366 361 360 356 351 350 345 342 337 336 334 333 331 330 327 326 322 321 318 317 313 308 307 304 303 301 300 299 298 296 293 288 283 279 278 277 276 275 274 273 272 270 269 267 266 265 263 262 261 259 257 256 253 252 251 250 248 246 245 242 239 238 232 230 228 226 222 220 218 217 216 214 213 212 210 206 205 200 197 196 195 194 190 189 186 184 182 179 178 177 174 173 171 168 167 162 159 157 152 151 150 149 147 146 145 142 141 137 132 129 128 127 126 125 120 119 117 116 113 110 109 106 99 98 95 92 88 87 86 64 62 61 54 52 50 49 43 39 34 28 25 
784 783 778 776 775 768 766 763 762 761 760 759 757 755 754 753 752 750 748 746 745 744 741 738 723 721 720 717 716 713 712 710 709 708 704 703 702 700 697 695 694 693 691 689 688 686 685 682 681 678 676 675 674 673 669 668 667 666 665 662 660 657 656 654 652 650 649 647 643 642 641 640 639 637 634 633 631 625 624 623 621 618 607 605 604 603 600 599 598 597 596 592 590 587 585 582 581 580 579 578 577 575 574 571 569 567 566 563 561 558 557 556 555 553 549 546 545 543 542 539 536 530 529 520 518 515 514 512 511 508 507 505 504 503 502 500 499 493 492 490 488 487 485 483 482 480 477 476 475 474 472 471 470 468 466 460 458 457 454 453 449 448 446 444 443 442 441 440 439 437 436 435 434 433 432 431 430 429 428 427 425 423 421 418 415 414 413 410 407 406 404 402 400 399 397 396 393 388 387 386 383 381 380 374 371 370 369 368 367 365 364 363 361 360 359 356 354 350 349 348 342 339 337 335 333 332 330 329 324 320 319 318 316 313 312 311 310 305 304 303 301 300 298 294 293 290 288 285 284 283 281 280 279 275 274 273 272 271 263 260 259 258 252 250 248 247 244 242 241 240 239 237 234 233 232 231 229 226 221 216 211 208 207 206 205 204 203 201 200 198 197 193 189 186 184 182 180 177 176 175 172 170 169 168 167 164 163 160 159 157 156 152 149 148 145 140 139 138 136 135 134 133 131 128 126 124 122 120 116 113 111 107 106 101 100 99 98 97 96 95 92 89 84 82 81 78 74 70 66 61 59 58 56 55 54 53 50 48 47 42 41 40 39 38 37 36 33 29 20 16 10 6 
782 774 772 770 769 767 765 764 762 761 760 750 746 742 740 737 735 734 732 731 722 720 719 714 713 712 711 710 707 704 702 700 698 697 696 693 692 690 688 687 683 680 679 678 675 673 672 670 669 667 664 663 659 657 654 652 651 643 642 641 639 635 633 631 629 628 626 621 620 615 611 610 608 607 606 605 604 599 598 596 594 593 592 591 590 588 585 583 582 581 578 577 576 573 570 569 567 564 563 561 560 559 558 557 555 554 552 547 546 543 540 539 537 536 534 531 530 526 525 524 517 516 514 512 511 507 506 504 503 501 500 498 497 496 494 493 492 491 490 489 487 479 477 476 473 471 470 469 465 464 461 455 454 453 452 450 447 446 444 440 437 433 429 428 426 425 424 423 422 420 418 417 414 411 410 409 407 401 398 396 395 394 393 390 388 384 383 381 380 379 377 376 373 369 368 367 366 365 363 362 360 359 357 356 351 350 349 348 345 342 339 336 333 329 328 324 320 317 315 314 312 311 307 306 304 302 296 294 293 290 289 288 287 286 285 284 282 281 280 277 275 274 273 272 270 269 267 266 265 263 262 261 259 257 253 251 249 248 246 245 244 241 240 238 237 236 233 231 229 226 224 221 220 217 214 212 211 205 204 200 199 197 195 193 192 190 187 185 180 176 173 171 170 168 166 161 159 158 157 156 155 154 152 150 144 143 140 139 138 136 135 131 129 127 126 125 124 123 122 121 120 119 117 114 111 110 109 107 104 103 102 101 100 97 96 95 93 89 86 84 82 81 78 74 70 66 64 59 58 57 56 55 52 50 49 47 44 42 41 40 36 34 30 29 27 20 16 10 6 
781 779 777 776 772 770 769 766 765 761 759 756 754 748 747 745 744 743 742 741 740 739 738 736 733 732 728 726 723 722 721 718 716 715 713 712 707 705 704 703 702 700 696 695 694 692 691 688 685 684 682 681 680 679 677 676 675 669 668 665 662 654 649 646 644 643 640 636 635 632 631 627 624 623 622 621 619 616 614 612 610 609 608 607 606 605 601 599 598 595 594 593 588 584 582 581 580 577 574 573 572 571 570 563 556 554 553 552 551 550 548 547 539 536 534 533 532 531 530 528 521 519 518 517 515 512 510 509 508 506 504 503 502 501 499 498 496 494 490 489 487 485 484 483 482 478 477 473 470 463 462 461 460 459 458 457 455 453 451 450 447 445 444 443 442 438 436 431 429 427 426 425 422 421 420 419 416 415 414 413 407 406 405 404 402 401 400 399 397 395 394 391 389 388 387 385 382 381 376 371 369 367 366 365 364 363 360 359 357 356 353 352 351 349 348 347 346 344 342 340 338 336 333 332 330 329 327 326 323 322 321 320 319 317 316 315 314 313 312 310 309 307 305 303 301 299 298 296 294 285 284 281 278 274 273 271 268 267 259 257 256 252 246 245 244 243 240 239 238 237 235 234 232 231 230 229 225 221 220 218 216 212 211 210 209 208 207 206 204 203 201 200 198 196 194 193 191 190 188 187 182 181 178 175 174 173 168 166 164 163 161 159 156 155 152 151 149 142 141 139 135 134 133 131 130 129 128 124 123 122 121 119 114 113 112 111 107 106 105 103 98 97 96 95 92 91 89 88 84 82 74 71 70 66 64 62 61 60 59 54 53 52 50 49 48 47 46 45 44 43 42 40 39 34 33 30 29 28 26 20 16 10 6 
778 777 776 774 773 771 768 761 759 756 755 752 748 747 746 743 742 741 740 737 734 733 732 731 727 726 725 723 722 720 719 718 717 716 714 708 706 704 702 699 693 691 690 689 688 687 685 681 678 676 675 674 673 670 668 667 666 661 657 652 651 650 649 648 647 646 645 644 642 641 639 637 633 629 626 625 624 621 620 619 618 617 612 611 610 609 605 603 601 600 599 595 592 589 588 582 581 580 578 577 574 573 572 569 568 567 564 563 561 560 558 555 554 551 549 546 545 544 543 542 540 539 537 535 534 533 532 531 530 526 525 524 522 520 517 513 511 509 508 507 504 501 500 499 496 495 493 490 488 479 475 473 468 465 461 460 457 456 455 454 453 451 449 447 444 443 440 439 438 437 436 433 431 430 428 427 426 425 423 421 418 416 415 414 413 411 408 407 402 401 399 398 397 396 393 391 390 388 387 386 384 382 378 377 376 375 373 369 368 366 365 363 361 359 358 357 356 354 353 352 350 349 348 346 345 341 340 337 333 332 329 328 326 324 323 320 317 316 313 312 311 310 306 302 300 299 298 296 294 290 288 287 283 279 277 270 268 266 265 263 262 261 260 259 252 250 249 247 245 244 243 242 241 239 237 236 234 232 231 229 228 225 220 219 217 216 215 214 212 211 209 204 202 197 192 191 189 188 186 183 181 178 176 170 168 167 165 164 163 162 160 158 157 156 155 153 152 151 148 143 142 141 140 138 129 127 126 122 117 116 112 111 110 109 107 100 99 96 95 93 91 89 88 86 74 66 59 52 51 50 49 48 44 42 41 39 37 33 29 27 25 20 10 
780 779 778 776 774 773 771 769 768 767 766 764 759 757 756 753 752 750 748 746 744 743 741 740 739 737 735 728 727 725 724 720 719 716 715 714 712 710 708 707 706 704 703 701 699 698 697 696 695 694 693 692 691 690 688 686 681 680 679 677 676 674 671 670 669 666 665 663 662 661 659 657 656 655 654 653 652 651 650 648 646 641 639 637 634 632 630 629 628 627 625 620 619 611 609 608 607 601 600 598 597 596 594 591 590 589 582 580 578 577 574 573 572 571 570 567 566 565 564 563 559 558 555 554 553 552 550 547 545 543 542 539 538 536 532 531 530 526 524 520 518 513 512 511 510 505 504 503 502 500 498 496 495 492 491 490 489 488 487 485 484 482 481 480 479 478 477 476 475 474 469 468 463 458 454 453 452 451 449 448 447 445 444 442 438 436 435 432 427 425 424 422 421 420 418 417 411 410 407 400 399 397 395 394 393 390 389 387 386 385 384 381 377 373 370 367 361 360 359 358 357 356 354 353 351 350 349 348 347 346 344 342 341 340 338 334 333 331 330 329 328 326 322 320 319 317 315 314 313 310 307 305 304 303 301 300 299 298 296 295 294 293 291 290 289 288 285 284 280 278 277 276 274 272 271 269 268 263 262 261 260 258 257 254 245 243 238 236 235 234 233 232 231 228 224 220 219 217 215 212 209 208 207 206 205 204 203 202 201 200 198 195 194 192 191 190 189 188 186 184 180 178 177 176 175 174 173 170 169 166 163 162 161 160 159 158 155 151 150 149 148 145 144 141 139 138 137 134 133 132 130 127 126 125 122 121 118 115 112 111 107 106 105 104 100 99 97 95 89 88 87 85 74 71 70 66 64 61 60 59 58 55 51 50 46 45 43 40 39 37 34 33 29 28 26 25 20 16 10 6 
779 778 771 769 767 766 762 760 758 757 753 751 750 749 747 746 744 743 741 739 738 735 734 731 729 728 727 726 723 721 720 719 718 716 715 708 706 705 704 703 700 696 693 692 689 688 687 683 682 681 678 673 672 671 667 666 665 663 662 661 659 658 655 653 650 647 645 644 642 641 636 635 634 633 631 630 629 628 625 620 618 617 616 613 612 610 609 608 605 603 601 598 597 594 591 588 586 585 584 582 580 576 572 570 569 563 559 558 557 556 554 552 551 549 547 543 542 540 537 535 534 533 531 529 522 519 517 516 515 514 512 511 510 507 505 504 502 500 498 497 496 495 493 491 489 487 484 481 477 476 470 468 467 466 460 458 454 453 447 445 443 439 438 436 433 431 430 429 428 427 426 425 424 423 421 420 418 417 413 411 408 405 404 403 401 398 397 394 393 391 389 387 384 383 382 381 378 377 374 373 369 366 365 364 363 362 360 359 358 357 356 355 346 344 340 338 337 333 332 331 330 329 327 325 323 320 319 316 315 314 309 308 303 301 300 299 298 297 290 287 285 283 282 281 275 272 270 268 266 265 260 258 254 253 251 247 246 245 244 238 237 236 234 232 230 225 224 223 220 215 214 207 206 205 204 201 198 196 194 193 192 191 190 189 188 184 182 181 179 176 173 172 171 170 168 167 166 163 162 161 160 157 155 154 150 146 142 141 140 139 138 136 134 132 131 130 128 127 126 124 121 117 112 110 109 107 106 104 103 100 98 97 92 89 87 86 85 82 81 74 70 66 64 62 61 59 58 55 54 52 45 43 40 39 38 37 36 30 29 20 16 10 6 
777 776 775 774 770 768 765 764 762 761 760 757 755 753 751 750 748 747 746 743 740 739 737 736 735 734 732 731 726 725 720 719 718 717 716 714 713 712 710 709 708 706 702 701 700 699 698 697 696 695 694 693 692 690 689 688 686 685 683 681 679 675 672 670 669 668 665 662 661 659 658 656 654 651 648 641 640 637 636 633 632 631 630 629 628 627 625 624 622 621 619 617 612 609 601 600 599 596 595 592 589 586 585 583 582 578 577 574 573 572 569 567 565 564 562 559 553 548 545 540 539 535 533 532 530 527 525 524 522 521 520 517 514 513 512 510 509 508 507 504 503 500 497 495 493 492 487 481 480 477 475 473 472 471 469 467 465 463 462 461 460 459 458 457 453 452 450 449 448 447 444 439 438 436 435 430 428 427 420 418 415 413 412 411 409 408 407 406 394 392 391 390 389 388 387 385 384 381 376 374 369 367 366 365 364 360 357 356 355 351 350 349 348 344 342 341 336 335 333 332 329 328 326 325 322 320 319 312 311 310 307 306 305 303 302 301 300 299 298 295 294 293 290 289 285 283 282 281 280 278 276 275 274 273 272 271 267 266 265 259 258 255 254 253 252 250 245 244 240 239 238 236 234 232 231 226 223 222 220 217 216 215 212 208 207 205 204 203 201 200 198 195 192 188 187 186 183 180 179 173 171 170 168 167 166 164 161 160 159 158 152 151 149 144 143 141 140 139 138 137 136 135 131 129 127 123 122 121 119 118 115 114 112 111 110 109 107 101 99 98 97 92 89 88 84 82 81 78 74 70 66 64 59 56 54 53 52 51 46 44 43 41 40 39 36 34 30 29 28 20 16 10 6 
776 774 772 771 768 767 765 763 761 760 759 757 755 752 751 750 747 745 743 738 736 735 734 732 731 724 723 722 721 714 709 708 707 705 704 703 701 697 696 695 694 691 690 689 687 686 685 683 681 676 675 674 673 672 669 668 667 664 662 654 650 646 644 642 639 636 632 630 629 627 626 622 619 617 616 613 611 609 608 607 606 605 603 602 598 596 594 593 592 590 588 587 585 584 583 582 580 578 576 575 572 570 569 567 566 565 564 563 562 561 560 559 558 556 554 552 551 549 548 547 546 543 540 537 536 534 532 531 525 522 519 516 513 512 510 507 505 495 491 490 489 487 486 484 483 480 478 477 476 473 471 470 467 465 464 463 462 459 458 457 455 452 451 450 449 445 443 441 435 433 432 431 430 429 428 427 424 423 421 419 418 416 415 414 409 407 406 405 403 401 396 395 394 393 391 390 388 387 383 381 380 377 371 368 365 363 360 358 357 356 355 353 352 349 348 347 346 345 342 341 338 335 334 333 331 328 327 326 324 323 322 321 319 318 316 315 314 312 311 308 306 304 303 301 300 298 297 296 295 294 293 291 290 288 286 282 281 280 278 277 275 272 270 267 263 261 258 257 253 251 249 248 247 246 245 243 241 240 239 238 237 236 235 232 231 224 223 222 220 218 217 214 213 212 211 210 209 208 207 206 204 203 202 201 199 198 196 195 194 193 192 189 188 186 184 182 180 177 176 173 172 171 170 169 166 161 155 154 151 150 147 146 145 144 140 136 135 134 131 129 128 125 124 123 119 118 117 116 114 113 112 111 106 105 102 101 100 99 98 93 92 88 87 86 85 84 81 78 71 64 61 60 58 57 56 55 54 51 50 49 47 46 44 41 39 38 37 36 34 30 27 26 25 
775 773 768 765 763 762 760 756 755 754 752 751 750 748 746 741 739 730 728 727 726 725 723 722 721 719 718 717 714 713 712 710 707 699 694 691 689 688 687 683 679 678 676 674 669 668 666 664 663 661 655 654 651 648 647 646 645 644 643 637 635 631 630 628 626 625 624 617 616 615 612 609 606 605 604 602 598 593 592 591 589 587 586 581 577 576 575 574 573 572 571 568 567 566 564 558 555 554 552 551 549 548 547 546 544 543 542 538 537 535 534 531 528 527 523 522 520 519 517 514 507 506 504 499 497 496 493 491 490 489 488 485 484 482 475 474 472 471 470 466 465 464 462 461 460 459 457 455 454 452 450 449 443 442 441 439 438 437 436 434 433 431 430 429 428 425 424 422 420 419 418 415 414 412 410 408 407 406 405 403 401 399 398 397 394 392 391 389 387 386 385 384 383 381 380 377 376 372 368 367 361 360 356 354 353 352 351 349 347 346 344 342 341 340 339 338 335 334 333 332 330 328 327 326 324 319 318 314 313 311 310 309 308 305 304 303 302 299 297 296 291 289 286 285 284 281 278 275 272 270 265 261 258 257 255 252 248 247 246 245 238 237 235 231 229 226 224 222 221 219 217 216 214 211 210 209 208 204 203 202 201 196 195 194 193 192 191 189 188 187 186 185 183 182 180 179 177 171 168 161 160 159 155 152 150 148 145 141 140 138 137 136 133 132 131 128 127 125 121 118 117 113 109 106 105 104 103 102 100 97 86 82 81 71 70 64 61 60 58 57 54 51 50 49 46 44 42 41 40 39 37 36 33 26 25 16 6 
774 771 769 768 767 763 761 760 759 758 756 754 750 747 741 740 739 736 732 731 730 729 727 725 721 720 719 717 716 714 710 708 705 704 702 701 700 699 697 695 692 691 687 686 685 684 683 681 680 676 675 673 669 668 667 665 662 653 650 649 647 645 644 643 640 637 636 635 633 630 628 626 625 624 623 622 618 617 613 611 610 609 607 606 605 603 602 601 600 597 594 593 590 586 584 582 575 573 572 571 568 565 563 560 559 556 555 552 551 550 548 546 542 541 538 531 525 524 523 520 517 516 514 513 509 507 498 497 492 491 490 489 487 484 480 479 477 476 473 472 471 470 469 466 465 461 459 458 456 455 452 450 448 447 446 445 444 443 437 436 435 434 433 431 430 429 427 426 425 423 420 418 417 416 415 414 412 409 408 405 403 400 398 396 395 394 392 391 390 388 383 381 379 378 377 373 372 370 366 365 364 363 362 361 357 356 355 353 352 351 350 348 347 345 343 342 341 339 338 337 336 335 334 333 332 329 326 324 322 321 320 317 315 313 312 311 309 306 305 303 299 298 297 296 295 294 293 291 289 288 287 285 284 283 282 281 280 279 278 274 272 268 267 266 262 260 257 253 251 250 249 248 246 245 244 242 241 240 239 238 237 236 235 233 232 229 228 227 225 224 220 219 217 216 215 210 205 203 202 200 199 198 197 195 191 190 184 183 181 169 167 166 163 162 161 160 157 156 151 149 146 144 143 142 140 139 138 134 129 128 125 124 121 119 118 117 114 113 111 110 107 106 105 103 100 98 93 91 89 87 85 84 81 79 74 71 70 66 64 61 59 57 55 51 49 48 42 40 39 37 36 34 33 30 29 25 20 17 16 10 6 
773 772 770 769 768 765 764 763 762 761 760 759 757 756 755 752 750 747 745 744 743 742 741 739 738 736 734 729 726 724 721 720 719 715 714 708 706 704 702 699 697 695 693 689 688 686 684 683 682 681 680 678 677 676 674 671 668 667 666 665 663 661 654 653 651 649 648 645 644 638 636 635 634 633 632 629 628 627 626 625 623 621 617 615 614 613 612 610 609 606 602 598 597 590 587 586 585 584 583 581 580 577 575 573 572 570 569 568 565 564 563 562 559 555 552 551 550 547 545 542 540 536 531 530 529 527 526 525 524 522 521 520 519 518 513 512 511 510 508 503 502 500 499 496 495 492 487 485 484 482 481 479 478 477 476 472 470 466 457 456 455 452 447 446 445 444 443 442 441 440 438 437 435 434 433 430 429 427 424 423 422 421 418 416 411 409 408 406 405 404 403 402 401 399 397 394 393 391 387 385 380 379 378 375 374 373 371 370 368 367 363 359 358 357 356 354 353 352 351 348 346 344 342 341 340 339 337 336 335 332 329 328 327 326 325 324 323 322 321 320 318 315 312 311 310 307 305 299 298 297 296 294 293 291 290 288 285 282 281 277 276 275 272 270 269 267 266 261 260 257 256 251 249 248 247 244 243 242 240 239 238 233 232 230 225 224 223 220 219 218 216 213 211 210 205 204 203 202 200 198 194 193 191 185 182 180 179 178 174 172 171 170 169 168 165 162 160 154 152 150 148 147 146 145 144 143 141 140 139 138 137 135 134 132 131 129 128 127 126 124 122 121 120 119 116 113 111 110 107 106 100 96 95 93 92 91 89 87 86 84 82 81 78 74 66 64 62 61 59 54 50 47 45 42 41 39 38 37 36 29 27 20 10 
772 771 768 767 766 762 760 757 756 754 752 751 749 747 746 742 737 734 733 732 731 730 726 724 723 722 721 719 718 717 713 711 710 708 707 706 705 704 702 697 696 695 692 689 688 687 685 684 681 680 678 677 676 675 673 672 671 670 669 668 667 666 665 660 658 657 656 655 653 652 651 650 648 646 645 644 642 639 637 636 632 631 630 629 628 627 626 625 624 623 622 620 619 613 612 608 607 606 604 603 602 601 598 597 596 595 593 591 590 588 584 583 579 574 568 567 565 563 562 561 557 555 554 553 550 549 547 545 544 542 541 539 538 536 535 534 531 530 529 524 519 518 515 514 512 511 510 509 507 506 503 499 496 494 492 490 488 487 477 473 472 471 469 468 467 462 459 458 457 456 455 448 442 435 434 433 431 429 428 426 424 423 421 420 418 416 415 413 410 409 408 403 402 401 398 395 394 393 392 391 390 389 388 387 386 384 383 378 377 376 374 373 371 369 367 365 364 362 357 356 355 354 350 349 348 347 346 344 343 342 341 340 337 335 334 332 331 330 327 324 323 322 321 315 314 313 311 310 309 308 303 297 296 291 290 289 288 287 286 285 281 279 278 274 272 270 267 266 265 263 260 258 257 255 251 250 248 241 238 237 236 235 232 230 228 227 225 223 222 220 219 218 215 214 212 209 204 203 202 201 200 199 197 193 192 189 187 186 185 183 181 180 178 177 176 175 172 170 168 167 166 165 164 162 160 158 155 154 150 148 146 139 130 129 128 125 123 117 115 114 110 109 105 104 103 102 101 99 95 92 91 86 85 81 79 78 71 70 62 58 56 50 44 43 42 40 39 38 37 36 30 25 17 16 6 
667 666 661 660 659 658 650 649 645 644 643 642 638 636 633 632 629 627 626 625 621 620 615 614 612 608 605 604 599 596 594 591 589 586 584 581 580 579 578 576 574 573 572 570 569 567 566 565 564 558 557 555 554 553 548 546 545 543 540 539 535 531 530 529 527 526 525 524 521 517 515 514 512 511 510 509 504 503 502 500 498 496 495 493 491 490 489 486 483 477 476 475 472 470 469 468 460 458 457 455 454 453 452 450 449 442 441 439 436 435 433 432 430 427 423 413 412 407 404 402 395 394 393 392 391 390 388 387 386 384 383 382 381 380 379 378 377 376 373 372 371 370 368 366 364 362 360 359 358 357 353 352 350 348 347 346 345 342 337 336 334 327 326 324 322 321 315 314 312 311 307 305 304 302 301 300 295 293 291 289 285 284 283 281 278 276 270 263 262 259 256 255 248 246 244 243 242 237 235 234 230 229 228 226 224 223 222 221 220 218 216 215 212 206 205 203 202 201 200 199 198 197 196 193 191 190 186 184 183 182 180 179 177 173 172 167 165 164 163 162 159 157 156 155 149 148 147 145 144 143 137 133 131 128 122 116 115 112 108 107 105 103 102 99 98 95 91 88 87 84 83 82 80 78 75 73 72 66 64 63 62 61 60 58 57 55 53 51 49 46 45 44 41 40 38 37 34 33 30 28 27 16 6 
669 666 665 662 659 655 654 651 650 649 648 640 639 636 634 633 619 617 616 615 613 610 605 604 598 594 593 592 591 589 588 587 586 585 583 581 576 575 571 570 569 568 566 564 563 562 561 558 555 553 550 546 545 539 538 534 533 530 527 526 522 519 518 512 511 509 508 507 506 502 501 499 498 493 492 486 485 484 482 480 479 478 475 474 473 472 470 468 467 466 465 462 461 460 457 456 451 445 442 441 440 436 433 432 431 430 425 422 421 420 419 418 417 415 413 412 411 409 408 406 405 404 403 401 400 399 398 397 390 389 388 387 386 384 383 382 381 380 375 373 372 371 369 367 365 364 363 360 354 353 352 350 349 348 346 345 341 340 338 337 336 335 331 329 328 327 317 316 315 311 306 304 302 301 298 297 295 294 292 286 284 282 281 280 276 275 274 273 272 270 268 265 262 260 257 256 255 253 251 249 248 247 246 244 243 238 237 231 230 229 228 226 223 222 218 217 216 214 213 210 204 202 201 198 195 192 190 189 186 185 182 181 177 172 171 168 166 165 162 161 158 155 150 146 141 138 136 134 133 131 130 129 128 127 126 124 123 121 119 115 114 113 109 108 104 103 99 98 97 96 95 90 86 85 83 81 80 77 75 72 70 66 64 63 61 59 58 57 56 55 53 51 50 47 45 44 43 41 39 38 36 34 33 30 29 28 27 26 21 17 10 
675 674 672 671 669 668 663 662 659 655 651 650 649 648 647 646 641 640 637 635 634 633 631 630 628 626 625 624 623 622 618 617 616 615 614 612 611 609 607 606 604 603 602 600 598 597 596 595 592 591 587 586 585 582 581 580 578 576 575 573 571 564 563 558 556 554 550 548 547 546 543 541 537 535 534 532 530 528 525 524 523 515 513 510 508 505 503 502 501 497 496 494 493 490 489 487 486 485 482 481 479 475 471 468 467 464 463 462 461 460 459 457 454 452 449 445 444 443 441 440 439 436 434 433 430 429 427 425 423 419 417 416 415 413 412 411 410 409 408 404 402 401 398 394 391 390 389 386 384 383 381 376 375 374 371 370 369 367 366 361 360 358 356 355 354 353 349 347 346 345 343 342 339 337 334 333 332 330 329 328 327 326 324 323 318 316 315 312 311 309 306 305 303 302 301 300 297 296 294 293 290 289 288 287 286 284 282 281 280 277 275 271 269 268 267 266 263 262 260 259 257 256 255 254 253 251 250 249 248 245 243 242 241 239 238 237 236 233 230 229 225 223 220 215 211 208 207 206 204 201 199 196 194 193 191 190 189 184 181 180 178 177 173 169 167 163 161 158 157 155 153 152 151 149 148 147 146 145 142 141 140 138 129 128 127 125 124 123 120 119 118 115 113 112 110 109 106 105 104 103 102 100 98 96 95 91 90 89 85 83 82 79 73 70 62 61 58 56 54 52 50 48 42 41 40 37 36 34 28 26 25 17 16 6 
670 669 667 662 660 655 654 653 652 649 648 647 645 644 642 641 636 634 633 630 629 628 624 618 616 615 614 613 610 609 608 606 604 601 600 592 590 589 587 584 583 582 577 576 575 571 570 567 565 564 562 561 559 558 557 556 555 549 548 547 543 540 539 536 534 531 529 528 526 525 521 517 516 515 512 511 508 507 505 503 501 500 499 498 497 496 492 488 487 486 485 482 480 479 477 475 473 472 469 468 467 466 465 462 461 459 458 457 455 450 449 447 444 442 441 440 435 432 428 427 424 423 421 420 419 418 417 416 412 410 408 406 405 403 401 400 399 397 396 394 393 390 388 386 384 381 380 379 374 373 372 370 366 365 364 363 362 360 359 356 354 352 349 348 347 343 341 340 337 336 335 332 328 327 325 324 320 319 318 317 316 314 313 311 309 307 306 304 299 298 297 295 290 284 283 281 279 276 275 274 273 269 268 267 266 265 264 262 260 259 258 257 255 253 252 249 248 247 246 245 243 240 238 235 232 230 229 228 226 225 224 223 222 221 220 219 215 214 213 210 208 207 205 203 200 198 196 194 193 186 184 183 181 179 174 173 170 163 162 159 158 153 152 151 149 146 145 143 141 140 139 130 126 125 124 114 113 110 109 108 106 105 104 103 101 95 92 85 81 80 79 78 77 74 72 71 70 66 64 62 59 58 57 55 54 53 48 47 43 42 39 36 29 28 27 20 17 10 
673 672 668 667 662 661 660 659 658 657 654 652 651 649 648 647 646 639 638 637 632 631 629 621 620 615 614 613 612 605 604 603 602 601 600 597 594 591 590 589 586 580 579 571 570 569 568 567 564 563 562 557 552 551 550 545 542 540 539 538 534 533 530 529 528 522 521 518 516 514 510 506 505 504 503 502 498 495 494 493 490 489 488 487 485 484 473 470 468 467 466 465 459 458 456 454 453 452 450 448 444 443 442 441 440 439 438 436 434 433 431 430 429 425 422 420 418 417 413 411 410 408 407 406 405 402 398 396 391 390 388 387 386 385 383 380 377 372 370 369 367 365 364 363 359 358 355 352 350 344 343 342 341 340 339 336 334 331 330 328 327 324 322 320 318 316 312 310 307 302 301 299 297 295 294 291 290 289 287 285 282 281 279 277 271 269 268 267 266 265 262 259 258 257 256 255 253 252 251 250 249 247 241 238 237 234 233 226 225 224 223 222 221 219 218 217 216 215 209 207 202 199 198 196 195 194 193 192 189 187 186 182 181 180 179 178 171 168 167 164 161 158 156 154 147 142 140 139 137 132 131 130 126 124 123 122 120 119 116 114 113 112 110 107 105 102 101 98 97 96 94 90 89 88 86 84 83 81 80 79 78 77 75 73 72 71 64 61 60 57 55 52 50 47 44 39 37 30 26 
664 660 656 655 649 648 642 638 634 633 632 630 629 624 622 620 618 616 611 606 605 603 602 598 597 591 590 589 587 583 575 574 572 570 566 564 563 561 560 559 556 554 553 550 546 543 540 537 536 535 534 533 532 531 530 529 527 526 520 518 517 516 515 514 513 510 508 504 501 500 497 495 494 493 488 487 486 482 480 479 478 477 475 473 472 470 468 467 460 459 458 457 456 455 454 453 452 451 445 443 442 440 439 436 431 430 429 428 427 426 423 422 421 418 416 407 405 404 402 400 399 396 393 391 389 387 386 385 384 382 379 378 377 374 373 366 364 363 361 358 357 355 353 352 351 350 349 347 346 345 344 342 341 340 338 336 335 333 331 330 327 326 324 323 319 316 315 314 311 310 305 299 296 295 293 291 286 283 280 279 276 275 274 272 270 269 266 265 264 263 261 259 257 253 252 249 248 244 242 241 240 238 236 234 233 232 230 229 228 227 223 220 218 217 215 214 204 203 199 198 197 194 189 185 182 181 178 177 175 174 173 172 171 169 168 166 165 162 160 159 154 150 148 147 143 140 139 138 137 135 133 130 129 127 126 124 122 121 119 118 117 115 114 113 109 108 107 102 101 100 99 97 95 94 93 92 91 90 89 87 86 83 82 81 79 77 72 65 64 62 61 55 52 50 49 40 39 38 34 33 27 26 21 17 16 6 
658 655 652 648 647 646 642 641 638 636 635 634 633 632 630 628 627 626 625 620 619 617 616 615 613 612 611 608 606 605 602 601 600 596 592 591 590 581 579 578 577 572 567 565 563 560 559 557 552 551 550 548 546 542 541 540 539 537 536 535 531 529 527 526 525 524 520 518 515 514 512 511 510 509 508 506 505 501 500 498 497 494 490 489 488 487 486 485 481 480 479 477 473 470 469 468 464 463 456 454 451 449 448 447 444 442 441 440 439 438 437 432 431 429 428 426 425 420 419 417 415 413 412 408 405 404 403 402 401 398 394 391 390 389 388 387 386 385 384 383 382 380 378 377 373 372 371 366 365 364 363 362 361 359 358 357 356 354 351 350 349 345 343 339 338 337 335 334 332 330 329 328 327 324 322 315 314 313 311 310 308 307 305 304 302 300 296 295 294 293 292 289 287 283 281 280 279 275 274 269 264 263 262 261 260 259 258 256 254 253 252 251 250 249 248 247 246 245 242 241 240 239 235 234 230 228 227 223 222 221 220 218 211 209 207 205 201 200 198 196 195 194 192 189 188 187 185 184 182 178 172 171 170 168 164 162 158 157 156 153 150 144 143 142 140 137 136 132 130 128 126 125 124 122 119 116 115 112 108 105 104 103 102 99 98 96 95 90 89 82 81 80 75 70 64 63 58 55 54 53 52 51 49 46 45 43 42 38 37 36 33 30 28 26 17 
668 667 666 665 662 661 658 657 651 650 648 645 642 641 638 637 636 635 633 629 622 619 618 616 615 612 611 610 609 606 605 600 598 593 591 590 589 587 586 584 583 582 579 574 573 572 571 570 568 567 566 565 564 563 561 556 555 554 547 546 543 540 537 535 532 526 525 523 522 520 519 518 516 514 513 511 510 509 508 505 502 501 500 497 493 492 490 489 482 477 476 472 470 469 468 466 465 463 458 457 456 451 444 442 440 439 437 436 435 434 433 430 428 427 426 425 424 422 417 416 414 408 407 404 399 397 396 395 393 392 390 389 388 387 382 381 379 378 377 376 375 374 372 371 370 366 364 361 359 356 355 351 344 343 342 340 336 334 333 329 327 326 325 324 320 314 313 312 311 309 307 304 303 302 298 297 296 294 291 290 288 286 285 283 282 281 274 272 271 270 269 268 266 264 263 262 259 258 257 254 253 251 250 249 245 244 243 242 240 239 238 236 234 233 232 231 230 229 227 224 223 222 221 217 216 215 214 207 206 203 200 199 195 194 188 187 186 185 184 182 178 175 173 171 169 168 167 166 165 164 162 160 158 156 152 146 142 138 136 133 131 130 129 128 127 126 125 123 122 120 119 115 112 111 110 109 105 104 103 102 101 99 95 94 92 89 85 84 83 81 80 78 77 75 74 66 64 63 60 59 56 55 54 52 51 49 45 44 43 42 40 36 34 33 29 27 26 21 20 17 16 10 6 
663 662 656 655 647 646 644 642 641 639 638 634 631 629 628 627 623 622 620 619 617 616 614 613 611 609 607 606 605 604 602 600 599 596 593 591 585 584 582 580 577 571 570 567 564 562 559 558 557 556 555 553 551 548 545 544 540 539 538 537 535 534 532 531 529 527 524 523 522 520 519 518 514 512 511 509 508 507 506 505 504 503 501 500 499 498 497 494 493 489 486 485 484 481 480 479 478 477 476 475 472 470 467 466 464 461 458 457 456 455 454 453 451 450 449 447 444 442 441 440 439 438 436 431 430 429 428 427 426 424 423 422 421 420 418 410 408 406 405 402 401 400 398 395 394 392 391 390 389 388 386 384 383 382 381 379 372 371 366 364 362 360 353 352 350 346 345 343 341 340 333 332 331 327 326 323 321 320 319 318 317 312 311 310 309 305 304 300 299 298 296 295 294 293 292 290 288 282 281 276 275 269 267 266 265 264 260 259 254 252 251 250 249 243 240 239 235 234 233 232 228 227 225 224 222 219 216 214 213 212 211 207 204 203 202 201 200 199 198 196 194 188 186 185 181 178 177 176 175 174 172 169 168 167 165 161 158 156 155 154 152 150 145 143 142 138 137 136 135 133 132 129 127 126 123 122 120 117 116 110 105 103 102 101 96 95 94 93 92 91 89 87 86 84 83 81 80 79 78 72 70 66 63 61 60 58 57 56 55 52 51 50 49 47 45 43 41 40 39 38 34 28 25 16 6 
660 658 656 653 652 651 650 649 645 643 642 641 638 636 634 630 629 628 626 625 623 622 621 618 615 613 612 611 610 609 607 603 601 597 595 590 589 587 586 584 579 578 576 574 573 571 569 568 567 566 564 561 560 559 558 556 555 552 551 549 543 541 539 538 536 534 529 526 525 524 523 522 521 520 519 518 515 514 513 512 510 505 504 503 502 500 499 497 495 494 493 487 486 485 482 481 478 476 475 474 473 471 465 462 459 456 452 448 447 441 439 435 434 433 432 431 430 429 426 419 414 401 400 399 398 396 395 391 389 388 386 385 384 381 380 378 377 375 374 373 372 369 368 362 360 358 355 354 352 351 350 349 346 345 344 342 341 340 330 328 326 322 319 318 317 316 315 314 311 306 302 301 300 297 295 293 292 291 289 288 287 286 285 279 276 273 271 270 269 268 267 262 261 260 257 256 255 253 252 251 249 248 247 245 243 240 239 233 226 225 221 219 213 212 209 201 200 199 198 196 194 191 187 186 184 182 179 178 177 175 174 168 167 166 163 162 160 159 155 151 150 149 145 141 140 138 137 135 133 131 129 128 127 126 125 123 122 121 115 114 113 112 110 106 104 101 99 98 96 92 91 90 88 86 82 81 80 79 71 66 61 59 58 57 56 55 53 51 50 49 48 45 43 42 41 40 37 30 29 28 21 17 16 10 6 
662 660 659 658 655 652 650 649 647 640 637 636 634 633 632 627 626 623 622 620 619 618 616 613 609 608 606 605 603 598 596 591 590 588 586 583 581 579 578 577 575 571 569 568 567 566 564 563 562 560 559 558 557 548 547 546 544 543 538 537 535 530 529 528 523 522 519 518 517 516 514 512 511 510 508 506 505 504 503 502 500 499 498 497 496 494 493 492 490 488 487 486 485 482 481 480 477 472 469 466 465 463 460 459 457 451 450 446 445 443 442 441 440 439 438 433 431 429 427 424 423 422 421 420 419 417 416 415 413 410 408 399 398 395 391 388 387 385 383 380 379 377 373 372 368 367 366 364 363 360 358 357 353 351 350 349 348 347 345 344 342 339 335 329 328 321 319 318 317 316 315 313 311 310 307 305 304 302 298 296 295 294 291 288 286 284 281 280 276 275 272 269 268 266 259 256 253 251 245 243 239 238 237 234 229 228 227 224 221 219 217 216 215 214 209 208 207 205 200 199 196 195 193 189 187 186 180 178 176 175 172 169 168 167 166 163 162 158 151 147 145 142 141 138 137 133 130 126 124 122 117 116 115 112 111 108 107 106 105 104 101 98 97 95 94 90 85 83 81 78 77 73 65 62 61 59 58 57 56 51 50 49 44 40 38 36 34 33 29 26 25 17 16 10 6 
661 659 658 656 652 651 650 649 645 644 642 640 636 635 631 627 626 622 621 619 616 614 612 611 610 609 608 606 605 602 601 599 598 597 596 595 593 590 588 586 584 582 580 576 575 574 573 571 570 566 565 564 560 559 558 556 554 550 545 544 543 542 539 538 537 536 535 533 532 530 528 526 524 523 522 521 520 519 517 513 511 510 509 507 503 501 500 499 497 495 492 488 486 483 482 479 477 475 474 473 470 467 464 463 462 461 460 459 457 456 451 448 445 444 441 435 434 433 431 430 427 426 425 421 420 418 417 410 407 406 405 404 403 399 398 395 394 393 390 388 387 384 383 382 379 376 374 373 371 370 369 368 367 366 363 360 358 357 355 352 350 349 348 344 342 339 334 331 328 326 325 324 323 320 318 317 316 315 313 312 311 308 306 303 302 301 300 299 298 295 294 286 285 284 282 281 279 277 274 273 271 270 269 268 267 266 264 263 262 259 257 255 254 252 251 249 248 246 244 239 235 234 233 232 229 228 227 226 225 223 222 221 218 216 214 211 210 205 202 199 197 196 195 194 193 192 190 189 186 185 184 182 181 180 177 176 175 174 172 169 168 164 161 160 159 157 156 154 152 151 148 144 142 140 139 137 135 134 133 131 127 126 125 121 116 115 114 113 111 108 107 100 99 97 96 93 90 89 88 86 85 83 82 78 77 72 66 62 60 58 57 56 54 50 49 45 44 41 40 39 38 37 33 30 28 26 25 17 16 6 
659 658 657 656 655 653 652 648 647 641 640 639 636 635 633 632 628 627 626 620 617 616 611 610 603 602 600 599 597 592 591 590 589 588 586 585 582 578 575 570 565 563 562 552 551 549 548 547 545 544 543 542 541 538 536 532 530 523 521 520 519 516 514 510 507 506 501 498 497 495 494 493 492 490 487 481 480 479 476 471 468 464 461 460 459 458 457 456 455 454 452 451 450 449 448 445 443 442 440 436 435 434 433 430 429 427 422 412 411 406 403 402 401 400 399 398 396 395 393 391 387 386 385 379 378 376 374 372 371 370 368 361 359 358 356 355 353 352 349 348 347 344 339 333 332 331 330 328 322 321 320 318 315 313 310 307 306 301 298 296 295 292 291 290 289 287 286 285 283 279 278 274 269 265 264 263 259 257 256 255 251 247 245 244 241 240 239 236 232 231 227 223 215 211 210 209 208 206 205 202 200 196 195 192 191 190 188 185 184 183 181 178 177 176 174 166 161 160 156 153 152 151 147 146 145 143 140 139 138 136 135 134 132 131 130 126 124 121 120 118 115 114 113 111 108 107 106 104 103 101 100 99 98 97 94 92 91 89 88 79 78 75 64 63 62 58 57 56 55 52 51 48 47 46 41 37 34 33 28 26 21 17 
656 655 650 649 647 646 642 641 639 638 633 632 628 625 624 621 620 614 613 612 610 609 607 606 605 603 599 597 596 595 594 593 586 582 581 579 578 576 575 572 567 566 565 562 560 557 555 554 551 549 548 547 546 545 544 541 540 538 537 535 534 533 530 529 528 527 526 525 524 523 522 520 517 512 510 508 506 505 502 501 500 495 486 483 482 480 479 477 475 473 472 470 469 468 467 464 456 453 452 448 447 446 445 442 441 439 434 433 431 428 425 423 422 419 417 416 411 410 409 407 406 405 403 396 395 392 389 386 385 383 382 377 375 370 369 366 365 362 360 356 355 353 352 350 349 347 341 339 336 334 332 330 329 326 325 322 321 320 318 317 316 314 312 309 307 305 304 302 299 298 297 296 293 292 290 289 286 285 284 279 278 277 274 273 272 270 269 268 265 261 260 258 254 253 252 251 249 246 245 244 242 240 238 235 234 233 228 225 224 223 221 219 218 217 216 215 210 208 206 205 204 201 200 196 191 190 188 187 186 184 183 182 181 178 177 175 174 173 169 168 164 162 161 159 158 157 155 154 153 151 150 147 146 145 144 142 141 140 139 138 137 135 134 133 132 126 124 121 117 114 113 111 110 108 106 105 103 101 100 99 98 96 95 93 90 88 86 85 80 78 75 74 73 72 71 64 62 60 59 57 56 55 54 52 50 49 48 47 43 36 34 33 29 21 20 17 10 
652 650 649 645 644 640 639 638 636 635 633 632 624 623 622 621 612 609 608 605 603 601 599 597 596 594 593 592 591 590 589 587 584 580 579 577 576 574 573 571 570 569 566 562 561 559 557 552 551 550 548 547 545 544 543 536 534 533 531 529 528 527 526 524 523 520 516 515 513 512 511 509 508 507 506 505 503 502 500 499 493 492 491 489 487 486 485 481 480 476 475 472 471 470 468 467 466 462 460 459 457 456 455 449 448 447 445 444 443 442 440 432 431 429 426 415 414 413 411 409 407 405 404 403 400 398 396 394 392 391 386 383 382 381 379 374 373 370 368 366 363 361 360 358 354 352 351 349 348 344 343 340 339 336 332 331 327 325 323 322 317 314 312 311 309 308 302 300 298 297 293 292 290 288 286 284 283 282 281 278 276 274 273 272 269 268 266 264 258 257 255 254 253 252 251 249 242 241 240 239 238 237 236 233 232 230 229 228 226 225 222 220 214 212 211 210 209 208 207 206 205 204 202 201 199 195 192 190 187 186 185 184 183 179 178 176 175 174 172 169 164 163 162 160 158 157 155 153 150 146 142 141 137 136 134 133 132 131 128 125 124 123 121 119 118 115 112 111 110 109 108 106 101 99 97 96 91 90 87 84 83 82 80 79 78 76 75 73 71 66 64 62 60 59 54 52 49 48 45 41 39 38 36 33 29 28 27 26 25 21 10 
646 645 644 640 638 636 632 630 628 627 626 623 621 620 619 617 615 614 613 612 611 609 608 606 605 601 599 596 594 592 589 588 587 584 583 581 574 572 571 568 567 563 561 558 553 552 551 548 547 546 545 541 538 536 535 534 533 530 529 525 524 523 521 519 518 516 515 514 512 508 507 506 505 504 501 497 496 495 493 491 490 487 482 481 479 477 476 475 472 471 467 464 462 458 456 455 454 453 452 451 449 447 445 444 443 442 441 440 433 430 428 427 424 421 420 417 416 415 414 409 408 407 406 405 401 399 398 397 389 387 386 385 382 381 379 375 374 373 372 369 367 366 365 363 362 360 356 355 353 352 349 347 346 345 344 343 342 338 337 336 333 332 329 325 324 323 322 321 319 318 317 315 314 313 309 303 299 292 289 286 284 283 282 279 271 270 268 266 264 261 257 256 248 247 246 245 244 242 239 238 237 233 232 229 227 225 223 218 216 215 214 212 211 207 204 203 202 197 194 192 190 189 186 184 183 181 177 174 170 169 166 161 160 157 155 154 153 152 151 145 141 140 139 138 136 135 134 133 132 131 130 129 125 123 122 120 119 116 114 111 110 109 106 104 103 101 90 88 87 84 83 78 76 74 72 71 70 66 65 64 62 51 50 48 47 46 45 40 39 37 34 33 28 26 25 20 16 6 
655 654 652 648 643 641 640 637 636 635 633 632 629 626 623 620 619 614 613 612 610 608 606 605 604 601 599 598 597 595 592 591 587 586 584 583 577 576 575 573 566 563 562 560 559 555 554 552 551 550 549 545 542 541 540 538 537 534 533 531 529 528 525 524 522 520 519 518 517 516 515 511 510 509 505 504 503 500 497 496 495 493 491 489 488 487 486 483 481 480 475 474 473 472 471 469 468 466 465 464 463 462 461 459 457 456 455 453 448 445 444 441 437 434 433 432 431 429 426 423 422 421 417 415 414 412 410 409 406 404 399 397 396 395 389 388 383 382 381 380 379 378 376 367 366 362 360 359 356 354 353 349 347 345 340 338 335 333 331 330 329 326 325 324 323 321 320 319 318 315 314 312 307 306 305 304 303 302 300 298 297 293 292 289 286 284 283 281 280 279 278 277 275 274 268 266 263 260 259 258 257 255 254 253 252 250 249 247 246 245 244 243 241 238 237 236 235 234 233 231 230 229 228 227 224 223 221 218 215 212 211 209 208 207 204 203 197 196 193 190 189 188 187 185 184 183 182 179 178 177 176 169 168 166 165 162 161 156 155 150 148 144 140 137 134 130 129 126 124 122 121 114 109 108 107 106 105 104 103 102 100 96 95 93 92 89 87 86 85 82 80 78 77 74 71 64 62 60 58 57 54 52 48 47 44 40 39 37 28 27 26 25 20 16 6 
649 648 647 643 642 641 640 638 637 634 630 626 625 622 621 619 617 616 615 614 612 611 608 606 601 599 592 591 590 589 586 585 584 583 581 580 577 572 567 566 564 563 562 558 554 553 552 548 546 544 541 540 535 534 533 532 530 529 528 526 525 524 523 522 520 519 517 514 513 509 507 501 500 499 498 495 494 493 492 491 489 488 487 485 483 482 480 479 478 476 474 472 469 464 459 455 451 450 449 448 447 446 445 444 443 442 439 437 435 433 432 429 427 425 422 421 419 418 417 414 413 410 408 406 404 403 401 398 396 394 392 390 389 379 377 375 374 370 368 367 366 365 364 362 361 360 359 357 356 352 349 348 346 345 342 341 338 337 336 335 333 331 330 329 328 326 324 321 315 314 313 310 309 307 305 303 302 301 300 297 294 292 288 287 286 284 282 281 278 276 273 270 269 268 267 266 264 261 260 256 255 250 249 248 241 240 238 232 231 230 228 224 223 221 220 217 213 210 209 207 206 205 203 202 201 200 199 195 194 193 192 191 187 186 183 180 179 178 177 174 172 171 170 169 168 167 166 165 163 162 161 158 156 153 152 151 150 149 146 145 144 143 142 141 140 138 134 133 132 131 126 125 122 121 120 118 117 115 114 113 110 109 107 106 104 101 96 95 92 90 89 88 87 86 80 79 76 73 72 66 65 64 63 62 59 58 54 53 52 50 47 46 45 44 42 41 40 37 35 29 25 18 16 10 8 6 
650 649 646 645 642 639 638 631 630 628 623 621 620 617 615 614 611 610 609 608 607 606 604 603 599 598 596 594 593 592 591 588 586 584 582 581 580 574 573 572 568 567 565 564 561 560 557 555 552 550 548 546 545 540 537 536 535 534 531 529 528 527 526 525 524 520 518 516 515 514 513 512 511 510 509 507 506 504 501 500 499 497 495 493 492 491 490 489 487 486 485 478 477 474 473 472 471 469 468 466 465 463 462 461 455 454 452 449 448 447 445 443 436 433 431 428 426 423 421 418 417 414 413 412 411 410 409 406 405 404 402 401 397 396 395 393 390 388 387 385 384 383 381 380 379 376 374 373 367 362 359 358 357 356 354 353 352 349 348 347 346 345 342 341 340 338 337 335 334 331 329 327 326 322 321 319 318 316 315 312 309 308 306 305 304 303 302 301 300 297 295 292 291 290 288 287 283 282 281 278 277 276 274 271 270 268 267 266 265 263 262 261 260 259 258 254 253 252 250 249 247 245 244 241 239 232 231 230 228 225 224 221 220 217 216 209 208 203 200 199 198 197 196 195 194 193 191 190 189 185 184 182 181 180 178 177 175 174 171 169 168 163 162 161 160 159 158 155 151 149 143 142 140 138 134 131 130 127 122 121 119 116 115 114 112 107 106 105 101 97 95 94 92 91 90 89 85 82 79 76 71 66 65 63 59 57 56 55 51 49 48 47 45 44 43 41 40 39 34 29 28 27 25 17 16 10 6 
651 650 648 647 644 643 636 632 620 618 617 616 615 611 609 607 606 605 603 602 601 599 598 596 592 591 590 588 587 586 584 583 580 579 574 573 571 570 569 565 564 557 556 555 554 552 551 550 549 548 547 546 545 543 542 541 540 539 536 535 532 531 529 528 525 522 520 516 514 513 512 510 509 507 506 503 502 500 496 495 494 492 490 487 478 477 475 474 473 470 469 468 467 465 464 463 462 461 460 459 458 457 456 455 454 453 450 449 445 444 443 442 441 440 439 436 435 434 433 432 430 425 424 421 420 413 410 404 403 401 396 393 389 387 384 382 381 380 374 371 369 368 366 365 364 362 361 359 358 357 356 351 348 347 344 340 338 336 334 331 329 328 327 326 325 323 322 320 318 317 315 313 312 311 309 308 307 299 295 293 292 288 287 286 284 281 280 278 275 272 271 270 267 265 264 263 262 261 257 255 254 252 251 250 247 241 239 235 232 231 227 223 222 219 216 212 211 208 207 206 204 200 194 193 191 189 185 180 177 175 174 173 171 170 168 167 165 164 163 161 158 157 155 154 153 151 150 149 147 146 145 144 140 139 137 135 134 132 131 124 121 120 118 116 109 107 106 104 101 99 98 97 96 95 94 93 89 88 86 84 82 80 79 78 76 74 73 72 66 61 59 53 51 49 47 46 45 43 38 34 30 29 27 20 10 
648 644 643 642 641 639 635 633 632 631 628 627 622 620 611 609 607 606 604 602 600 598 597 596 594 593 591 590 589 586 585 584 583 577 576 574 572 571 568 566 564 563 560 558 555 553 552 549 546 545 544 542 540 539 534 533 531 530 529 528 527 523 518 516 515 514 513 512 509 508 507 505 504 503 502 498 496 495 494 492 490 486 485 483 481 480 477 475 471 469 467 466 462 459 458 456 452 451 445 443 442 440 436 434 433 432 431 429 426 425 424 423 422 418 412 411 409 407 406 404 403 401 399 398 397 394 393 391 390 389 388 387 386 384 382 378 377 373 370 368 365 363 361 358 354 353 352 350 348 346 343 340 338 336 335 334 333 322 321 320 319 318 317 310 307 306 305 304 303 302 300 295 294 289 287 286 285 284 283 281 279 272 271 266 265 261 259 257 256 254 248 247 246 244 242 240 238 237 236 233 232 227 226 221 220 219 218 213 211 209 208 207 204 203 202 199 198 197 193 192 191 189 187 186 184 183 182 178 177 163 162 160 159 157 155 154 152 151 150 149 147 145 144 143 137 132 130 122 117 115 113 111 110 107 106 104 101 98 97 94 93 91 90 88 87 86 82 77 73 70 60 58 54 53 51 47 46 45 42 41 38 35 30 28 18 11 8 
654 653 652 650 639 638 637 636 635 633 632 630 629 628 627 626 623 622 617 616 614 612 607 606 605 603 601 600 596 595 594 593 590 588 587 583 582 581 579 578 577 576 570 569 568 567 566 564 562 558 555 554 550 548 546 545 540 538 535 534 533 531 530 528 527 525 524 523 522 520 517 514 513 512 510 507 506 505 500 499 498 497 496 493 491 490 488 486 484 479 478 473 472 470 467 464 463 462 461 460 458 456 455 453 452 449 446 444 443 442 441 438 437 436 435 434 429 425 423 422 421 418 417 416 415 414 412 411 409 408 407 404 403 398 396 395 394 393 392 391 386 384 383 382 381 377 376 374 373 372 367 365 363 362 361 360 359 356 355 351 350 349 348 347 338 337 336 335 330 329 328 327 326 324 320 316 314 313 307 306 305 304 303 299 296 295 291 288 286 285 284 282 280 279 278 277 275 274 272 271 270 269 266 264 263 260 259 255 254 253 249 248 247 246 243 242 240 239 238 234 230 229 228 227 224 222 216 214 213 212 211 209 203 200 199 198 194 189 187 186 185 184 183 181 180 178 174 173 171 170 169 168 167 164 162 161 154 152 151 150 148 146 145 141 139 137 136 134 133 131 130 129 127 125 122 118 116 109 105 104 101 100 94 93 92 90 89 87 85 83 80 79 78 77 76 72 65 64 62 58 55 53 52 49 47 41 40 39 34 33 30 27 25 21 16 6 
629 628 627 626 620 619 615 610 608 604 603 602 601 600 599 597 596 594 590 589 588 585 584 583 582 579 578 576 575 573 571 570 568 566 562 560 559 557 556 554 551 548 546 545 542 541 538 537 533 531 530 529 522 521 520 519 516 514 513 506 504 499 498 497 495 494 490 489 486 484 483 481 480 473 472 470 469 468 466 464 463 461 460 457 456 455 454 451 449 447 443 441 440 439 434 432 429 428 426 425 424 423 411 410 409 407 402 399 397 395 394 391 389 388 386 385 381 380 375 374 371 370 368 366 365 363 361 360 359 355 352 351 350 347 345 344 343 342 336 334 331 327 324 321 320 319 316 314 313 303 301 299 298 296 295 294 293 292 288 287 286 284 282 279 278 275 273 272 271 270 268 266 264 263 262 261 260 259 257 256 253 252 249 247 246 245 242 236 235 234 233 231 230 229 225 224 222 220 217 215 213 209 208 207 206 203 202 201 200 197 195 194 193 192 191 190 186 184 181 177 176 174 172 169 167 164 159 158 157 156 154 153 152 151 150 145 141 139 137 136 135 133 131 127 126 125 124 121 119 116 115 112 109 108 107 106 102 100 99 97 96 94 93 90 87 86 83 82 79 78 77 75 74 72 65 63 61 60 58 56 55 54 50 49 47 46 44 43 42 40 38 36 35 30 28 27 21 20 18 17 16 11 8 6 
630 629 627 624 622 620 619 616 614 612 611 608 607 605 604 603 602 601 597 594 593 591 590 589 588 582 578 575 573 572 570 569 568 562 559 556 555 553 552 551 550 548 547 546 545 543 541 540 538 537 536 534 532 531 529 528 525 522 520 517 516 511 508 507 506 503 498 496 495 492 491 490 488 486 484 483 482 479 478 473 470 468 466 465 464 462 461 460 454 450 447 446 444 442 436 435 434 433 431 426 420 419 418 417 414 413 410 408 407 403 401 400 399 398 393 392 390 389 387 382 381 380 378 375 374 373 371 365 364 362 361 359 358 357 354 351 348 347 344 341 339 337 336 334 332 330 329 328 325 324 322 321 317 316 315 312 308 307 305 302 301 300 299 297 296 293 292 291 290 289 288 287 280 277 276 275 271 269 268 267 266 263 262 256 254 249 248 245 244 243 242 241 240 233 232 231 230 224 221 219 216 214 213 212 211 210 209 208 203 198 196 195 193 192 188 187 186 185 183 182 181 180 179 177 173 172 167 164 163 162 161 158 157 156 152 149 148 145 144 142 140 138 136 135 134 133 127 126 124 123 122 120 118 116 115 112 111 110 108 106 96 95 94 93 87 85 82 81 79 76 73 70 62 61 58 57 52 51 50 46 44 42 39 37 36 35 34 33 30 26 25 18 17 11 8 
647 646 645 644 643 642 641 640 639 637 635 634 633 630 622 621 619 618 617 616 615 613 612 611 608 606 605 604 603 598 593 592 588 587 586 583 582 580 578 577 574 573 568 567 562 561 558 557 555 553 552 550 549 548 545 542 541 536 535 531 529 528 527 526 525 524 523 522 521 518 517 514 513 512 511 510 509 508 506 503 502 501 500 499 494 493 492 488 486 484 482 481 480 478 476 474 472 470 469 468 466 465 464 462 458 456 454 453 452 451 450 449 447 444 442 437 434 433 432 431 429 428 426 420 417 416 413 411 409 404 403 402 401 399 398 397 395 393 391 390 386 385 384 381 379 378 377 372 370 367 365 364 362 360 358 357 355 354 351 350 349 347 345 344 343 341 340 337 336 334 333 331 330 329 328 327 325 321 320 319 318 314 313 311 308 307 305 301 298 296 294 293 292 288 285 284 283 281 278 276 274 273 269 264 263 262 261 260 257 256 255 254 253 252 250 248 245 243 242 241 238 236 235 234 227 226 225 223 215 211 210 204 203 202 197 196 191 190 188 185 181 175 174 172 171 170 169 168 167 163 160 159 157 156 155 152 150 147 144 141 138 137 136 135 132 131 128 126 124 123 122 119 118 114 113 112 110 109 108 107 106 105 104 102 100 93 92 91 89 86 85 84 83 82 80 79 77 75 74 73 65 59 58 55 54 53 50 49 48 47 44 43 40 39 36 34 29 26 21 20 17 16 11 10 6 
623 622 621 619 618 616 615 612 611 609 607 606 605 604 601 600 596 594 593 591 590 589 588 586 584 583 581 580 577 575 573 570 568 567 566 559 558 557 556 554 551 548 547 544 538 537 536 533 526 524 522 521 518 517 516 514 513 510 509 506 503 501 499 497 495 490 489 487 486 485 484 483 481 478 477 476 473 472 471 470 469 465 464 463 462 461 460 457 456 455 453 452 451 450 446 443 442 440 439 435 434 431 427 424 423 422 421 415 414 412 411 410 408 407 405 403 402 401 400 399 398 397 396 394 391 387 383 382 381 375 373 372 370 369 368 361 360 357 356 355 354 353 352 346 345 344 342 341 337 336 333 332 329 328 327 326 323 322 315 314 310 308 307 304 303 302 301 300 299 298 297 296 295 291 290 289 287 284 283 282 279 276 275 273 271 267 266 264 263 262 259 257 256 254 253 252 250 248 247 245 244 243 242 241 240 239 237 234 232 231 230 226 225 224 216 214 213 204 202 201 200 196 194 192 190 189 185 183 180 179 178 176 175 172 166 164 163 155 147 146 145 144 143 140 139 138 137 134 133 130 128 123 120 119 116 114 112 111 109 105 104 103 102 101 100 97 95 94 92 90 89 87 81 79 78 75 74 73 71 70 69 65 64 63 61 60 55 54 52 50 49 48 46 45 42 41 40 36 33 30 28 27 26 21 20 17 16 6 
627 625 624 622 620 618 617 615 614 613 610 608 606 601 599 598 596 593 592 589 588 587 585 584 583 581 580 576 573 571 569 568 567 566 564 563 562 561 558 555 552 551 550 545 543 542 540 539 537 534 533 531 530 525 524 523 520 515 511 507 506 502 501 500 499 498 497 496 495 491 489 488 487 485 484 483 481 479 478 477 475 473 472 470 469 465 464 461 459 457 456 455 453 452 449 445 444 443 441 440 439 433 429 424 423 421 419 415 412 406 404 403 402 401 400 397 396 395 393 392 390 389 388 387 384 381 380 377 373 372 371 367 365 363 362 360 356 355 354 351 350 349 348 347 344 343 337 335 334 333 332 331 330 326 322 319 318 314 313 312 310 308 305 303 301 298 297 295 292 291 290 286 284 282 281 276 273 272 269 268 267 262 261 259 258 257 255 254 249 248 244 242 241 239 237 232 231 227 226 222 221 213 212 208 206 205 203 200 199 198 197 196 195 193 192 188 183 182 179 177 176 174 173 171 169 168 167 165 164 163 160 158 156 153 150 148 146 145 144 141 140 139 136 135 134 133 131 128 125 124 122 121 120 119 111 108 105 104 103 102 101 99 97 96 95 92 91 89 88 87 85 84 82 81 79 78 72 71 66 65 64 62 60 59 58 57 56 53 51 49 48 47 44 42 41 37 36 35 30 29 27 25 18 10 8 
628 627 626 624 623 622 621 619 618 617 613 611 608 603 596 594 592 586 585 584 583 581 580 578 576 575 573 572 571 569 568 561 560 559 557 556 554 550 547 545 544 543 541 540 537 536 534 533 528 525 522 521 520 519 518 517 514 511 510 509 508 507 505 503 499 498 497 496 495 493 489 487 485 481 480 479 475 474 473 471 469 468 466 463 462 461 452 450 449 446 445 444 440 439 436 434 433 427 425 422 420 419 415 414 410 409 406 401 399 398 397 393 390 388 387 386 385 383 381 380 377 376 373 370 368 367 365 363 360 359 357 355 351 350 347 346 345 341 338 337 335 334 333 330 329 327 326 325 322 321 320 319 318 315 314 313 312 311 308 305 303 300 299 298 297 296 295 292 291 287 284 283 282 281 279 278 277 276 274 266 265 261 257 256 255 253 248 247 246 245 244 242 241 238 236 234 233 232 229 228 225 221 220 219 217 215 213 212 209 208 207 205 203 201 200 198 196 194 193 192 191 189 186 184 183 182 179 176 175 174 173 167 163 162 159 158 156 153 152 150 149 148 147 146 144 143 142 141 140 136 134 130 129 128 127 125 123 121 120 118 115 113 108 106 103 102 101 100 99 98 95 93 92 87 84 82 75 73 72 70 62 61 59 56 55 52 50 48 46 43 33 30 29 28 27 25 21 17 10 

622 621 619 618 617 615 614 612 609 602 601 599 598 594 593 592 590 589 586 585 582 581 578 576 572 571 570 569 568 565 563 559 555 554 552 549 547 543 542 537 536 534 532 529 528 526 523 520 517 515 514 513 512 511 510 509 506 505 503 502 501 500 497 496 493 491 489 488 487 486 483 482 476 474 473 470 464 460 456 454 452 451 450 447 443 442 437 432 431 428 427 426 424 422 421 420 417 416 412 407 406 405 403 402 400 399 398 395 394 392 391 389 387 386 381 380 379 374 373 371 370 365 364 363 362 361 358 355 354 351 349 343 342 338 333 332 330 329 325 324 323 322 321 320 317 311 306 305 301 298 296 294 293 291 288 287 285 284 283 282 281 279 276 275 272 271 266 262 258 256 255 253 252 251 250 249 246 242 240 238 237 236 235 233 232 230 228 227 224 223 218 217 214 213 212 208 207 206 204 203 201 200 196 195 193 188 187 185 184 183 182 180 179 177 173 171 170 169 168 163 161 160 158 156 151 149 147 143 137 134 133 132 129 127 125 122 120 117 115 111 110 108 107 106 101 99 97 95 92 89 88 85 84 82 78 75 74 72 69 65 59 57 55 54 53 52 51 50 44 43 42 40 38 36 35 34 33 29 28 27 26 20 18 17 16 11 10 8 6 
619 618 616 615 614 613 612 611 610 608 607 603 596 595 594 593 592 591 588 587 585 583 582 581 580 579 576 575 573 572 571 569 567 566 565 564 562 561 560 559 557 556 554 553 550 547 546 544 542 539 537 533 532 530 527 524 523 522 521 520 519 514 513 510 507 506 504 502 501 500 499 496 495 492 491 486 485 483 482 481 480 479 476 475 474 473 470 467 464 461 460 459 458 455 454 452 447 446 444 443 440 439 438 437 432 431 430 429 425 421 420 417 415 414 413 410 409 407 406 405 404 403 402 401 397 396 394 393 392 389 388 387 383 382 381 380 378 377 376 375 374 371 370 369 368 367 366 365 364 363 362 360 359 357 356 354 351 349 346 345 342 341 339 338 335 334 331 330 328 327 324 322 321 320 316 315 312 311 310 309 306 305 304 300 299 298 296 291 289 287 285 284 283 282 279 278 277 273 272 271 270 269 267 264 263 262 257 256 255 250 248 247 246 245 244 243 239 236 234 232 231 229 228 227 224 222 221 217 216 215 213 212 211 210 206 205 204 202 200 198 196 193 191 190 189 188 186 185 183 182 181 173 170 169 167 166 165 164 163 162 161 160 159 157 156 155 153 152 146 143 142 141 140 139 136 135 132 129 128 127 125 124 120 119 117 116 114 111 110 107 106 105 101 98 96 95 94 93 92 90 89 87 83 79 77 75 70 69 66 65 64 62 58 56 55 53 51 50 48 47 46 43 41 40 39 38 37 36 35 34 33 30 28 27 26 18 16 11 8 6 

620 615 611 610 608 607 606 603 601 599 598 596 593 592 589 586 584 583 581 580 579 578 577 576 575 574 573 569 566 560 559 555 554 553 551 550 548 546 545 544 542 541 540 539 536 534 532 527 525 524 520 517 516 514 513 512 511 507 506 505 504 502 499 497 496 492 491 489 488 487 485 484 483 480 479 472 468 467 465 464 463 462 460 459 458 457 456 455 453 451 449 447 445 442 441 438 437 434 433 432 431 429 427 426 422 419 418 416 415 413 412 408 407 404 402 401 398 397 396 395 393 391 389 387 383 382 380 377 376 373 372 371 367 364 363 362 357 356 355 352 351 349 348 345 344 342 341 339 338 337 335 333 332 330 329 328 325 324 322 319 315 314 311 309 307 306 305 303 302 301 300 298 296 294 293 282 281 280 279 278 271 270 269 267 265 264 263 262 258 257 255 254 253 247 246 245 244 239 238 237 236 232 230 229 228 227 223 222 221 220 218 216 213 212 209 208 206 202 200 199 198 195 194 193 192 191 189 185 184 181 180 178 176 175 174 171 170 169 168 167 165 164 159 155 154 153 148 147 146 144 142 141 140 139 138 136 135 134 133 129 128 127 126 123 121 119 118 117 115 113 110 109 108 107 104 103 101 98 97 96 93 92 91 90 89 88 82 77 75 71 70 69 65 64 58 57 55 52 51 50 48 46 43 42 41 38 37 35 27 26 25 21 18 17 8 
612 610 608 606 598 597 596 594 593 592 589 588 585 584 583 582 581 579 577 575 574 570 569 564 562 561 560 558 554 547 545 544 541 540 539 537 535 534 532 531 529 528 527 524 521 519 518 517 515 514 513 510 509 508 506 502 499 497 496 495 493 491 489 488 487 481 480 478 477 476 473 467 466 464 463 462 461 460 459 458 456 455 454 450 447 446 443 440 439 436 435 433 432 430 429 427 423 422 420 418 417 414 413 412 410 405 403 402 399 398 394 393 390 389 387 386 384 382 378 377 369 368 367 365 363 361 359 358 357 356 354 351 349 347 346 343 341 340 337 336 335 333 331 329 327 326 324 322 319 317 315 313 312 310 308 306 302 300 299 297 296 295 290 289 288 287 285 280 279 278 277 275 272 270 269 267 266 265 262 261 260 259 258 257 254 253 252 251 250 248 246 245 244 242 236 234 232 231 229 223 222 221 219 216 214 213 212 211 210 207 203 199 196 195 191 190 189 187 186 185 184 182 180 179 177 175 174 172 168 167 166 165 164 163 158 154 148 147 146 145 143 142 141 139 136 135 133 132 131 130 129 127 126 124 123 119 118 116 115 114 111 109 108 107 106 103 102 101 99 98 96 95 91 90 89 88 84 83 82 80 79 78 77 76 75 66 64 62 57 55 54 52 50 49 48 47 46 45 44 43 42 35 33 30 29 28 18 10 8 
615 613 612 611 610 608 607 606 603 602 601 600 598 597 589 588 587 585 583 582 580 579 578 577 576 574 573 572 568 567 566 565 564 563 562 561 559 558 556 555 553 550 547 544 541 540 537 533 532 531 528 526 525 523 522 520 515 513 512 511 510 506 504 501 499 498 495 493 492 491 489 488 487 486 482 479 476 475 474 473 468 467 465 462 459 458 455 454 452 450 446 445 443 442 437 434 433 432 431 430 426 425 420 419 418 417 416 415 414 408 406 404 402 401 400 399 398 396 395 393 390 389 387 386 385 384 383 382 380 379 378 377 375 373 372 370 366 362 361 359 358 355 354 353 352 351 350 348 347 343 341 337 336 335 332 330 326 325 324 323 321 320 319 315 314 313 312 311 309 308 307 306 305 303 301 300 298 297 292 288 287 283 282 280 276 274 272 270 269 268 267 266 264 262 261 256 255 254 250 246 242 237 235 233 229 227 222 220 219 216 215 213 208 207 205 199 198 197 196 195 194 192 191 190 189 186 184 183 181 180 179 177 174 171 166 165 164 162 161 160 156 155 154 153 152 151 149 148 146 143 142 140 139 133 131 123 122 121 118 113 110 108 106 105 99 98 96 93 88 87 86 81 80 78 77 76 75 73 72 71 70 69 65 63 62 61 60 55 54 53 51 50 48 47 45 44 43 40 39 26 25 16 6 
614 613 612 610 609 608 607 605 604 603 600 598 592 591 588 587 585 581 575 574 573 571 566 565 564 563 561 560 558 557 556 554 553 552 551 550 546 545 542 539 537 534 533 532 530 525 523 522 521 520 519 517 514 513 510 509 508 503 500 498 493 490 489 487 486 485 482 480 479 478 477 473 472 471 470 469 465 463 462 461 460 459 455 453 452 448 444 443 442 441 440 438 436 435 434 431 428 426 425 423 419 418 417 416 412 410 408 403 396 394 392 391 390 389 387 386 381 377 374 372 371 370 368 367 364 363 362 360 359 356 354 352 350 348 347 346 345 344 343 342 339 335 334 329 328 327 322 321 319 314 312 308 307 304 303 302 301 299 298 296 292 291 286 285 280 279 278 277 272 266 262 260 259 258 256 255 251 250 249 248 246 244 242 241 240 239 238 237 236 234 227 226 225 224 222 220 216 215 214 213 212 211 210 209 208 207 206 205 203 201 200 198 196 194 193 192 191 190 189 188 184 183 181 180 179 177 174 173 172 170 169 168 167 165 164 162 157 154 151 148 146 145 144 142 138 136 133 131 130 129 125 124 123 122 121 119 118 117 116 115 112 109 105 104 102 101 100 99 97 96 93 91 90 88 85 84 81 78 77 75 61 59 57 55 54 53 51 49 48 45 43 38 37 35 29 28 27 26 21 18 10 8 
617 613 612 611 610 609 605 604 600 598 597 594 592 590 587 586 579 576 575 574 562 561 560 558 557 554 550 549 548 547 546 545 542 539 537 535 533 532 530 527 526 524 523 522 520 519 518 517 515 514 508 507 505 504 503 501 499 498 496 494 493 491 490 487 486 485 483 482 479 478 476 475 466 461 460 458 456 454 452 450 448 446 444 441 440 438 434 432 430 426 425 424 422 417 415 412 407 403 402 398 397 396 395 394 392 388 385 382 380 379 377 372 371 368 362 361 358 354 352 347 346 344 342 341 339 337 333 326 325 323 320 317 313 311 310 308 307 306 305 304 302 301 298 297 296 295 293 289 285 284 283 282 279 277 274 273 271 266 264 260 259 258 254 252 250 248 245 244 242 241 238 233 232 231 230 229 228 224 219 218 215 212 211 210 208 204 203 201 200 199 198 195 192 191 190 188 187 185 181 180 179 178 177 172 170 169 168 167 166 165 164 163 161 160 158 156 155 152 151 147 145 140 137 136 134 133 131 130 127 124 120 118 116 115 107 105 104 103 100 99 98 97 96 93 92 91 90 89 87 85 84 76 75 74 73 72 66 65 64 63 62 60 58 57 56 53 52 50 49 47 45 44 41 40 39 37 35 27 26 20 18 17 16 11 8 6 
613 612 611 609 608 606 601 598 596 595 594 590 584 580 578 575 571 570 569 568 563 562 561 560 559 558 557 555 554 551 550 547 546 545 542 541 540 538 530 528 526 524 523 520 519 518 515 514 511 507 506 505 504 503 502 501 498 497 493 491 488 485 483 479 478 475 474 466 464 458 457 456 452 450 448 447 445 444 442 441 439 434 432 428 426 424 423 420 419 417 415 414 412 411 407 406 405 402 401 400 399 398 397 396 395 391 390 389 388 386 385 384 381 380 377 376 374 373 372 371 367 364 363 362 361 359 357 356 355 354 351 350 348 346 345 344 342 341 339 338 334 333 331 327 326 325 323 320 317 314 308 306 300 299 298 295 294 293 292 288 285 284 282 280 273 271 268 267 265 263 261 256 255 254 252 251 245 242 240 237 236 233 232 231 230 226 224 221 220 219 218 214 211 210 209 208 206 205 194 192 191 187 186 184 183 180 179 178 177 176 175 172 171 170 169 168 166 165 163 162 160 159 155 154 153 150 148 147 145 144 141 137 135 133 131 127 123 120 119 116 115 113 110 107 106 104 100 99 97 96 95 88 87 86 85 83 82 81 80 77 76 75 74 73 72 70 66 65 64 62 60 59 57 56 54 52 50 48 45 44 43 42 41 38 37 33 29 28 26 25 20 17 10 


611 608 607 606 605 604 602 598 594 593 592 590 588 587 586 585 581 580 579 578 572 569 568 566 562 561 559 556 554 553 552 551 550 549 548 547 545 544 540 536 532 531 530 529 528 523 522 519 518 517 515 512 510 509 507 506 502 500 499 498 497 495 492 491 489 488 485 484 476 469 468 467 466 465 463 461 458 457 452 451 449 447 446 445 444 442 440 439 437 432 431 430 429 427 424 423 422 421 419 417 416 414 413 412 411 409 408 407 405 404 402 401 399 398 397 396 395 388 387 380 376 375 374 372 371 370 368 367 363 361 358 356 355 354 353 351 349 348 345 344 341 340 337 336 334 328 327 325 324 322 321 320 319 318 317 313 312 310 307 306 305 304 301 299 297 289 288 287 284 283 279 275 274 273 263 262 261 260 259 256 255 254 253 252 251 248 247 246 244 240 238 236 235 234 232 231 225 224 223 221 219 218 216 213 209 208 205 204 203 202 197 196 195 194 192 191 188 186 185 183 182 181 180 179 178 176 175 172 171 170 168 166 164 162 159 158 150 149 147 141 140 139 137 131 127 125 124 122 119 117 114 112 111 110 106 105 104 101 100 98 96 95 94 93 92 91 89 87 83 81 74 73 72 62 60 59 58 54 48 45 43 42 41 37 36 29 28 27 20 10 
608 606 605 603 601 600 598 597 593 590 589 586 585 584 582 580 578 576 575 571 568 566 561 560 555 553 548 547 546 545 543 542 538 537 535 530 529 528 526 524 523 522 520 519 518 514 512 510 509 508 507 506 505 499 497 495 492 491 489 488 485 483 482 479 475 471 470 469 465 463 462 460 459 458 456 452 451 450 448 443 440 439 438 437 435 434 431 430 428 424 419 417 412 410 409 405 404 403 399 397 396 393 392 391 389 388 386 384 382 381 379 376 374 371 367 364 363 362 359 357 356 355 354 353 352 351 350 348 346 342 340 337 335 333 332 331 326 325 324 323 321 319 318 316 314 313 312 310 308 307 302 301 300 299 298 296 295 292 291 290 286 282 277 275 274 273 272 270 269 265 262 261 253 252 251 250 249 246 244 243 240 231 229 226 225 222 221 220 219 218 215 209 206 205 204 202 201 200 199 198 195 194 193 191 188 186 183 180 179 176 175 174 170 168 166 165 163 162 160 159 157 154 153 152 150 149 148 144 142 141 137 136 135 133 132 131 128 126 125 122 121 118 117 115 114 113 112 110 109 108 106 105 102 100 97 95 91 89 88 87 84 80 79 77 75 74 73 72 66 65 64 63 61 60 54 53 52 51 48 46 45 44 43 42 41 39 38 37 36 34 33 30 29 28 20 17 11 10 
606 604 603 601 600 598 597 596 592 591 590 589 588 586 581 580 572 569 568 567 566 560 559 550 549 547 540 538 537 536 532 531 530 529 527 525 523 519 518 517 515 513 512 511 504 502 500 499 496 495 494 492 491 489 488 485 483 481 480 479 478 477 475 473 471 470 469 468 467 466 462 461 459 457 456 454 452 450 448 445 444 441 438 437 436 435 434 430 429 427 426 423 422 419 418 417 416 411 410 409 408 407 406 404 403 402 400 399 398 393 392 391 390 387 386 381 379 378 377 373 371 368 366 364 363 360 359 358 357 356 355 353 352 350 346 345 341 340 339 337 336 334 333 330 328 326 325 324 323 321 320 319 318 317 313 312 311 310 309 308 307 306 305 302 300 297 296 295 293 292 291 288 285 283 282 281 280 279 278 274 273 268 267 261 259 258 257 255 254 250 248 247 244 238 235 234 232 231 228 225 223 222 219 218 217 216 215 214 212 209 207 206 201 199 198 197 194 193 191 189 187 186 185 184 183 179 178 177 176 175 173 172 171 168 167 166 165 164 159 158 156 152 151 149 147 146 145 144 142 141 140 139 138 135 133 132 131 130 129 127 126 124 123 120 118 117 116 115 110 108 107 102 101 100 99 98 96 94 93 89 88 86 83 79 77 75 73 70 69 64 63 62 61 60 57 56 52 51 50 49 48 47 46 45 42 41 40 37 36 34 29 28 27 26 16 11 10 6 
605 604 602 599 596 595 594 593 589 587 584 582 578 577 576 573 572 571 567 565 564 563 561 558 557 554 553 551 549 548 547 546 545 542 541 540 538 537 535 533 532 530 526 524 523 520 519 518 517 514 513 512 511 508 507 505 502 498 497 496 493 491 489 484 483 482 479 477 475 474 473 472 469 468 467 466 465 464 463 462 458 451 447 444 440 439 435 431 425 423 421 420 417 416 413 411 408 405 403 401 399 393 390 389 385 381 379 375 374 372 370 365 364 358 356 355 354 350 349 348 346 345 344 343 340 339 337 336 334 333 331 329 328 327 324 318 316 315 314 313 312 310 309 308 307 306 305 304 302 298 296 295 294 293 292 291 290 289 288 284 283 281 279 278 277 276 273 271 270 269 268 267 266 265 264 263 262 261 259 252 251 250 249 248 242 241 240 236 235 234 232 230 228 223 222 221 220 217 216 215 213 210 207 205 202 200 199 198 197 196 194 191 190 188 187 186 184 183 182 181 180 177 176 175 173 172 168 164 160 159 157 155 153 150 149 142 140 138 137 136 132 130 123 122 118 117 116 113 112 108 107 106 103 101 98 95 92 87 86 85 83 81 79 70 69 66 65 61 60 59 58 51 50 47 46 45 44 41 38 37 30 29 28 11 10 
607 606 605 603 602 601 596 595 593 591 590 588 587 586 583 582 577 576 575 573 572 570 565 560 555 554 553 549 546 544 543 541 540 538 535 533 531 529 527 526 525 524 522 519 518 517 516 514 513 512 507 504 503 502 501 494 493 492 491 490 489 488 487 486 485 484 478 477 476 474 473 472 471 470 469 468 467 465 461 457 456 455 452 451 448 445 444 443 440 436 435 433 432 430 429 428 427 426 425 422 421 419 418 414 412 410 406 403 401 399 398 390 388 386 384 383 382 379 378 377 374 373 372 370 364 362 356 355 354 351 350 349 348 347 346 345 344 341 340 339 338 337 334 332 331 328 327 325 324 323 322 321 320 319 318 317 315 312 311 308 307 303 299 298 297 294 291 289 288 285 283 282 280 276 275 274 265 264 263 259 257 254 251 249 248 247 246 244 243 242 240 239 237 236 235 234 233 232 231 227 225 221 220 217 215 214 212 211 210 209 207 206 204 203 201 199 198 196 193 191 187 178 177 176 173 171 170 169 166 165 163 161 159 158 145 143 142 141 140 139 138 137 131 128 126 123 118 117 116 115 111 110 108 107 102 101 100 99 98 94 93 92 91 90 88 81 80 76 75 74 73 69 66 63 61 60 59 57 54 51 50 48 44 42 40 39 38 36 35 33 29 27 25 21 20 18 16 10 8 6 
603 600 599 598 595 592 590 589 588 587 586 585 579 577 575 573 572 570 568 565 564 562 560 558 557 556 555 553 549 548 547 544 541 537 536 534 533 531 530 529 528 524 523 522 521 520 516 512 509 506 505 503 502 499 497 493 492 491 482 479 478 476 475 471 469 468 465 463 461 460 456 450 449 447 446 445 444 443 442 436 435 434 433 432 430 428 425 424 421 418 417 415 409 408 407 406 405 404 403 401 400 396 393 392 390 388 387 386 385 384 382 381 378 377 376 374 372 371 368 365 364 363 361 359 353 351 349 347 344 341 340 337 331 328 322 321 320 318 317 314 313 312 311 310 308 306 305 304 303 301 300 298 295 288 286 285 284 283 282 281 280 277 275 273 272 270 266 265 264 263 261 258 256 255 249 247 245 243 238 235 232 229 227 224 222 221 220 218 217 213 212 211 209 206 203 201 197 195 194 193 190 187 186 183 182 181 179 178 176 175 174 173 171 168 167 165 163 162 160 158 157 156 155 153 152 150 149 144 140 138 136 135 134 133 131 129 127 123 117 116 115 112 109 106 105 103 102 101 99 98 97 94 93 92 91 90 89 86 85 81 80 78 77 75 74 73 72 70 69 68 64 62 59 58 57 54 53 52 51 48 47 45 44 42 40 38 37 35 29 28 25 20 18 16 11 10 8 6 
602 595 594 592 590 589 587 586 585 583 581 580 577 576 574 573 570 568 565 561 560 559 557 555 552 550 547 546 543 539 536 532 530 528 525 524 522 521 519 516 515 514 513 512 510 506 505 503 502 500 499 498 495 494 493 491 490 487 486 485 483 480 476 475 473 472 470 469 468 463 461 459 458 457 452 449 448 446 445 444 440 439 437 433 432 431 430 428 427 426 425 421 420 419 417 416 409 408 405 402 401 399 393 390 384 383 382 381 377 376 375 374 373 371 369 368 367 366 363 361 359 356 354 353 352 351 350 347 346 343 342 340 338 336 335 334 332 328 324 323 320 314 311 307 301 300 299 298 295 293 288 286 285 284 283 282 280 277 275 271 269 265 264 261 260 258 257 252 251 250 248 245 244 243 240 239 236 234 230 226 224 221 219 218 217 215 212 211 210 209 208 207 205 203 202 201 199 197 194 191 190 186 183 177 176 175 173 172 170 169 168 167 166 164 163 162 161 160 159 158 156 155 153 152 151 150 149 144 141 139 137 135 133 132 130 129 128 123 122 118 117 114 113 112 110 109 107 106 104 103 102 101 100 99 98 95 93 90 89 88 87 86 84 83 80 75 74 73 72 71 68 65 62 58 56 54 52 51 50 47 41 40 39 37 35 33 32 28 27 25 20 18 17 16 11 8 6 
599 597 594 592 590 587 586 584 582 581 579 577 576 575 574 573 572 568 564 560 558 556 555 554 551 550 548 546 541 540 539 537 536 535 533 532 531 529 525 523 519 517 516 514 511 510 506 502 501 500 494 491 487 486 485 483 481 478 476 471 470 469 468 466 464 462 461 456 455 452 451 450 445 444 443 442 441 440 439 437 436 434 433 432 431 429 424 423 421 419 417 416 415 414 411 409 408 407 406 404 400 399 393 391 389 388 385 383 379 378 374 373 370 368 367 364 363 362 360 359 357 355 354 352 350 347 345 344 340 336 335 334 333 332 329 326 325 324 322 321 318 317 316 315 314 309 307 303 302 301 299 298 296 295 290 289 286 283 282 279 273 272 270 269 265 264 261 260 259 257 253 250 249 248 246 245 243 242 240 239 238 237 236 235 234 230 229 227 219 217 214 209 207 204 203 202 200 197 196 195 190 189 188 187 186 185 183 181 180 179 174 172 168 167 166 164 161 160 156 155 153 152 151 149 146 144 143 142 140 139 138 134 131 130 122 119 118 117 115 114 111 110 108 107 106 101 100 99 96 93 90 88 87 84 82 80 78 77 72 71 70 69 66 65 64 63 61 57 54 53 50 45 44 43 42 40 39 38 36 35 34 30 28 26 21 18 17 16 8 6 
604 600 598 597 596 594 593 592 591 590 589 587 586 585 583 581 580 575 574 573 565 562 561 559 555 554 549 547 546 543 542 538 537 536 535 533 532 531 529 528 526 525 523 519 516 510 502 500 498 495 494 492 489 485 482 480 479 478 477 475 469 468 466 463 462 461 460 458 457 454 452 451 450 449 446 445 444 442 441 434 432 430 429 426 425 424 423 422 421 420 419 416 413 409 408 406 401 400 397 392 390 389 388 387 386 385 383 381 379 378 377 376 374 372 371 370 369 368 363 360 358 356 354 353 352 350 347 346 344 343 341 340 338 337 336 335 334 332 330 329 327 326 324 323 317 316 313 311 308 306 305 304 303 302 300 299 297 295 294 291 289 287 286 282 278 277 275 273 272 271 270 267 266 265 264 263 259 257 256 255 254 253 252 251 250 245 243 242 240 238 237 236 235 231 230 228 227 226 220 217 216 215 210 209 208 207 206 205 204 201 199 198 197 195 194 192 188 186 185 184 183 182 175 174 173 172 169 167 166 165 163 162 157 155 154 150 149 148 147 145 144 140 139 138 137 136 135 132 131 130 128 127 126 125 124 119 117 116 115 114 108 107 106 102 101 98 95 93 89 87 86 85 83 82 80 79 74 71 66 65 62 59 58 57 56 55 54 52 49 48 47 46 44 42 30 29 27 25 20 10 
600 598 597 596 595 594 593 591 590 587 585 584 583 574 572 571 568 567 566 558 552 551 548 546 545 543 541 538 537 535 534 533 532 531 527 526 525 521 520 519 518 515 514 510 509 507 506 505 504 502 501 498 496 495 492 490 489 488 487 485 484 483 482 480 479 474 472 471 470 468 467 466 464 461 460 459 457 456 452 450 449 447 444 442 440 439 438 437 434 432 431 429 426 423 421 420 417 416 415 414 411 407 403 402 400 397 395 394 393 392 391 387 386 385 384 382 381 379 376 375 372 368 367 364 360 359 357 353 350 349 348 346 344 343 342 341 340 338 335 332 330 329 328 327 325 324 319 318 317 316 315 314 313 310 307 305 303 301 299 298 297 296 295 294 293 292 290 289 288 287 285 282 281 279 278 277 276 275 273 271 270 266 264 262 261 258 254 253 252 251 245 243 242 241 240 239 238 237 236 230 228 227 224 222 220 219 218 217 215 213 212 209 204 201 199 198 197 196 192 191 190 189 185 184 179 178 175 173 171 170 169 167 165 163 162 161 158 155 154 151 150 149 148 146 145 143 142 141 139 138 136 135 131 130 128 125 121 120 119 118 117 116 112 111 107 106 105 103 102 98 97 95 94 93 90 88 86 84 83 82 80 78 75 71 70 69 68 66 61 60 56 53 51 50 49 48 45 44 37 36 34 32 21 17 

597 596 594 593 592 590 588 587 584 583 582 581 578 577 576 574 571 569 567 560 557 555 554 551 548 547 543 542 541 537 536 535 531 530 527 525 521 519 516 514 513 511 509 508 507 504 503 498 493 492 489 487 485 484 482 481 480 477 476 475 470 468 467 466 463 461 460 459 458 456 455 454 449 448 447 446 442 439 438 437 435 433 431 427 426 425 424 422 421 420 419 418 414 412 411 410 409 407 406 405 404 401 399 398 395 389 387 386 385 384 383 380 379 377 376 373 367 364 363 362 360 356 350 347 345 344 340 337 336 335 332 331 330 328 323 322 320 319 315 314 312 311 308 307 304 301 299 293 292 291 288 286 284 280 278 276 275 274 272 270 269 265 264 261 260 259 256 255 251 249 247 243 242 240 239 236 235 234 230 226 223 221 220 218 216 213 212 210 208 205 203 200 196 194 191 188 187 181 180 178 177 175 173 172 171 170 167 164 163 162 161 160 159 158 157 156 151 150 147 144 141 139 136 134 133 132 127 124 122 121 120 119 117 116 114 113 111 110 109 107 105 103 102 100 99 96 95 93 91 90 89 87 86 85 84 83 81 80 79 76 72 71 69 68 65 61 57 55 54 52 49 46 44 43 41 37 36 35 34 32 30 28 21 18 8 
598 596 594 593 591 584 583 582 580 577 573 572 571 570 569 567 566 565 559 558 556 555 552 547 544 542 541 535 530 528 523 520 519 517 516 515 514 513 511 510 509 503 501 500 497 495 492 491 488 484 483 482 480 479 476 475 473 471 470 466 463 462 460 458 455 451 450 449 447 443 441 440 439 437 435 434 431 428 427 425 424 423 422 420 418 416 411 409 407 404 402 397 395 394 393 391 388 385 383 380 378 371 366 365 361 355 352 350 349 346 345 343 333 330 328 327 325 324 319 318 316 314 313 312 311 310 307 304 303 297 295 294 289 285 283 273 272 269 266 265 264 262 260 259 257 255 252 249 247 243 241 240 238 237 236 235 234 229 225 224 221 220 218 216 213 212 211 209 208 206 203 199 198 197 193 191 187 185 181 180 178 177 176 175 174 173 171 170 167 166 165 164 162 161 160 159 155 154 153 152 149 148 146 142 141 140 139 138 132 131 128 127 125 121 120 117 116 115 114 112 110 109 104 103 101 100 97 96 94 92 91 90 87 86 84 81 78 77 76 71 63 61 58 57 55 54 52 51 45 43 41 39 38 37 35 34 32 30 26 21 18 17 8 































































































































































