561 559 553 548 545 543 532 525 523 490 488 477 452 434 427 421 411 396 350 312 291 263 217 207 171 62 
560 557 550 542 540 529 522 520 487 485 483 474 449 431 427 418 408 393 347 343 309 288 260 227 225 223 204 104 
559 555 536 525 506 490 481 471 435 425 415 350 347 331 316 295 267 230 221 147 111 66 
558 554 546 535 526 524 505 489 480 470 424 414 349 346 330 315 294 266 231 229 220 210 195 110 
557 553 534 523 504 491 488 479 469 423 413 348 345 329 314 293 265 228 219 173 109 64 
556 553 552 548 536 534 516 514 481 479 477 445 425 421 418 404 389 341 337 305 284 256 164 100 
555 553 549 548 533 531 527 513 512 511 493 477 476 472 443 422 421 420 416 387 366 332 282 218 217 216 212 198 183 98 53 
554 549 533 532 531 513 512 511 478 477 476 443 422 416 402 387 338 337 303 282 254 217 216 212 198 183 162 134 98 53 
553 551 550 547 546 543 541 540 537 535 534 531 524 523 517 515 514 498 491 488 482 479 473 470 455 451 444 435 430 429 426 424 417 414 410 407 403 399 395 388 378 371 348 346 345 342 339 336 333 330 315 311 308 304 290 283 266 262 259 255 231 226 220 219 216 213 210 203 199 194 191 188 179 174 173 170 167 163 152 146 145 142 139 135 124 117 110 106 99 81 61 58 43 36 28 
552 550 549 530 528 527 510 509 508 507 492 474 473 442 419 418 417 416 386 365 281 215 213 197 161 
551 547 530 529 528 510 509 508 475 474 473 472 442 419 416 401 386 335 334 332 302 281 253 215 214 212 197 182 133 52 
550 549 548 542 541 539 538 537 530 529 522 521 519 518 517 507 492 487 486 483 482 450 447 419 418 417 416 409 406 401 394 391 365 347 343 335 334 332 310 307 302 289 286 261 258 253 215 214 213 205 187 182 161 141 138 133 105 102 60 57 52 
549 536 516 513 496 478 461 424 405 338 335 321 306 285 257 221 186 165 101 56 
548 512 495 481 477 460 423 404 337 334 320 305 284 256 200 100 
547 534 514 511 494 480 476 459 403 336 333 319 304 283 255 219 184 135 99 54 
546 543 542 538 534 529 506 504 471 469 467 460 440 415 411 408 404 384 331 327 300 279 251 211 204 95 
545 543 539 538 531 503 502 501 467 466 462 438 412 411 410 406 402 382 361 322 318 277 207 206 129 
544 539 532 531 527 503 502 501 468 467 466 458 438 412 406 402 382 328 327 298 277 249 208 207 206 198 178 129 93 48 
543 531 523 501 489 476 466 420 410 342 326 311 290 262 228 222 206 61 
542 540 539 528 527 500 499 498 497 464 463 437 409 408 407 406 401 381 360 317 276 203 197 177 156 128 92 
541 537 529 528 500 499 498 465 464 463 462 457 437 409 406 401 381 325 324 322 297 276 248 204 202 177 156 128 
540 534 528 520 517 514 511 498 494 486 482 480 476 473 463 459 417 407 403 342 336 333 323 319 308 304 287 283 259 255 225 219 213 203 188 184 167 135 99 54 
539 533 506 503 468 461 414 405 328 325 301 280 252 208 160 51 
538 532 502 471 467 460 413 404 327 324 300 279 251 207 180 50 
537 531 504 501 470 466 459 403 326 323 299 278 250 206 130 49 
536 534 533 530 529 527 496 495 494 493 460 459 457 436 405 404 403 402 401 380 359 317 275 201 200 197 176 127 91 
535 531 530 527 496 495 494 461 460 459 458 436 405 402 401 380 321 320 318 296 275 247 201 199 176 127 
534 533 532 530 529 527 506 505 503 502 501 493 471 470 467 466 457 441 438 409 406 405 404 403 402 385 382 359 331 327 321 320 318 317 301 298 296 280 277 252 249 247 211 210 208 207 206 201 200 199 198 197 178 132 129 96 93 91 48 
533 532 530 527 506 504 503 502 501 500 499 498 493 471 469 467 465 464 463 462 459 441 439 438 437 414 410 407 405 404 402 401 385 383 382 381 359 331 330 329 327 326 325 324 322 321 320 318 317 301 299 298 297 296 280 278 277 276 252 250 249 248 247 211 210 209 208 207 204 203 202 201 200 199 198 197 178 177 156 132 129 128 96 93 91 49 48 
532 512 493 478 458 420 402 332 318 303 282 254 217 212 162 53 
529 509 507 492 475 472 457 417 401 332 317 302 281 253 214 200 185 183 182 176 165 162 155 135 127 98 97 91 85 78 70 55 52 40 16 6 
527 495 493 461 458 403 318 317 296 275 247 155 127 46 
526 523 522 518 514 509 506 504 495 456 454 452 445 400 396 393 389 384 316 312 273 245 196 189 185 180 153 44 
525 523 519 518 511 503 501 497 493 452 451 447 397 396 395 391 387 355 307 303 271 191 187 183 178 151 42 
524 519 512 511 507 503 502 501 493 453 452 451 443 397 391 387 382 313 312 271 243 193 192 191 151 123 
523 519 518 515 514 513 509 506 505 504 503 500 496 495 455 454 452 450 445 399 397 396 394 393 390 389 384 358 316 312 310 306 274 273 245 195 190 189 185 181 180 154 153 45 44 
522 520 519 508 507 500 498 497 492 449 448 394 393 392 391 386 354 302 270 189 188 177 86 
521 517 509 508 500 499 498 492 450 449 448 447 442 394 391 386 381 310 309 307 270 242 189 187 182 122 86 41 
520 519 518 515 513 512 511 509 508 507 505 502 501 499 498 496 493 492 455 451 450 448 447 445 400 399 398 396 395 393 392 390 387 386 384 358 357 355 354 316 312 310 309 307 306 305 303 302 274 271 270 245 195 192 191 190 189 188 187 185 183 181 180 178 177 154 153 151 86 45 44 42 
519 513 506 496 453 446 441 399 390 385 313 310 301 274 246 186 126 45 
518 512 495 456 452 445 440 398 389 384 312 309 300 273 245 185 180 153 125 44 
517 511 504 494 455 451 444 439 388 383 311 308 299 272 244 184 152 43 
516 514 513 510 509 507 496 494 493 492 445 444 442 390 389 388 387 386 353 302 269 186 176 149 85 
515 511 510 507 496 495 494 446 445 444 443 390 387 386 380 306 305 303 269 241 186 184 176 149 121 85 
514 513 512 510 509 507 506 505 503 502 501 496 495 492 456 455 452 451 442 394 391 390 389 388 387 385 382 380 353 316 312 306 305 303 302 274 271 246 243 241 196 195 193 192 191 184 181 154 151 126 123 121 45 
513 512 510 507 506 504 503 502 501 500 499 498 496 495 494 456 454 452 450 449 448 447 444 399 395 392 390 389 387 386 385 383 382 381 380 353 316 315 314 312 311 310 309 307 306 305 303 302 274 272 271 270 246 244 243 242 241 196 195 194 193 192 189 188 187 182 181 179 154 152 151 126 123 122 121 88 86 45 41 
512 511 510 509 507 506 502 500 499 498 497 496 495 493 456 455 454 452 451 448 447 445 444 442 441 400 399 398 395 394 393 391 390 388 386 385 382 381 380 358 356 354 312 310 309 308 307 305 304 303 302 301 272 271 269 246 243 242 241 196 194 193 192 190 188 187 182 181 179 177 176 154 151 149 126 123 122 121 85 43 41 
507 495 446 443 436 388 380 303 302 296 269 241 183 176 
506 504 503 500 499 497 494 493 440 439 437 385 384 383 382 381 380 352 297 296 268 177 176 148 120 
505 501 500 497 495 494 492 441 440 439 438 436 385 382 381 380 301 300 298 268 240 179 177 176 120 84 
502 493 453 443 438 395 387 382 307 298 271 243 187 123 87 42 
499 495 492 450 447 446 443 442 437 436 392 388 386 381 380 307 303 302 297 296 270 269 242 241 187 183 182 176 150 122 86 41 
497 493 441 438 436 383 380 298 297 268 240 180 84 39 
491 488 487 483 479 474 471 469 460 456 454 379 375 372 368 363 357 295 291 273 238 175 171 168 159 153 118 37 
490 488 484 483 476 468 466 462 458 453 452 451 438 376 375 374 370 366 355 286 282 172 170 162 80 
489 484 477 476 472 468 467 466 458 453 452 451 376 370 366 361 355 292 291 271 236 172 171 170 162 35 
488 484 483 480 479 478 474 471 470 469 468 465 461 460 455 454 453 441 378 376 375 373 372 369 368 363 358 357 295 291 289 285 273 238 174 172 171 168 159 153 118 83 37 
487 485 484 473 472 465 463 462 457 450 449 448 447 437 373 372 371 370 365 354 281 169 168 167 166 150 34 
486 482 474 473 465 464 463 457 450 449 448 373 370 365 360 354 289 288 286 270 235 168 79 34 
485 484 483 480 478 477 476 474 473 472 470 467 466 464 463 461 458 457 456 455 451 450 449 448 447 441 440 438 437 379 378 377 375 374 372 371 369 366 365 363 358 355 354 295 291 289 288 286 285 284 282 281 273 238 175 174 171 170 169 167 166 162 153 150 118 83 82 80 37 34 
484 478 471 461 456 453 441 378 369 364 292 289 280 274 239 175 154 119 
483 477 460 452 440 377 368 363 291 288 279 273 238 175 159 118 
482 476 469 459 454 451 439 367 362 290 287 278 272 237 174 173 152 36 
481 479 478 475 474 472 461 459 458 457 446 445 444 443 436 369 368 367 366 365 353 281 162 161 149 
480 476 475 472 461 460 459 446 445 444 369 366 365 359 353 285 284 282 269 234 165 163 162 155 78 33 
479 478 477 475 474 472 471 470 468 467 466 461 460 457 456 455 453 452 451 443 436 373 370 369 368 367 366 364 361 359 358 355 295 291 285 284 282 281 274 271 269 239 236 234 175 174 171 170 163 162 161 160 155 154 149 78 38 35 33 
478 477 475 472 471 469 468 467 466 465 464 463 461 460 459 456 454 453 452 451 450 449 448 443 436 378 374 371 369 368 366 365 364 362 361 360 359 358 356 355 354 295 294 293 291 290 289 288 286 285 284 282 281 274 272 271 270 269 239 237 236 235 234 175 174 173 171 170 168 167 163 162 161 160 158 155 154 152 149 117 81 79 78 38 35 34 33 
477 476 475 474 472 471 467 465 464 463 462 461 460 458 454 453 452 447 446 445 444 439 437 379 378 377 374 373 372 370 369 367 365 364 361 360 359 358 356 355 353 291 289 288 287 286 284 283 282 281 280 274 271 270 269 239 236 235 234 174 173 171 170 169 166 165 155 154 150 119 83 81 79 78 36 35 33 
472 460 445 443 436 367 359 282 281 275 269 234 165 164 162 155 149 33 
471 469 468 465 464 462 459 458 441 440 439 438 364 363 362 361 360 359 352 276 275 160 157 155 113 77 32 
470 466 465 462 460 459 457 441 440 439 364 361 360 359 352 280 279 277 268 233 158 157 156 77 
467 458 452 438 374 366 361 286 277 271 236 172 171 166 162 116 80 35 
464 460 457 449 447 445 443 437 436 371 367 365 360 359 286 282 281 276 275 270 269 235 234 169 168 166 165 164 162 155 150 149 115 79 34 33 
462 458 440 438 362 359 277 276 268 233 160 155 77 32 
456 454 453 450 449 447 444 443 441 439 438 437 436 358 357 356 355 354 353 270 269 154 153 151 150 76 31 
455 451 450 447 445 444 442 441 440 439 436 358 355 354 353 352 274 273 271 232 152 151 150 149 
447 443 440 436 356 353 352 271 270 268 232 154 151 148 112 76 
435 432 431 427 423 418 415 413 404 400 398 379 377 375 368 357 267 263 245 238 147 145 143 125 
434 432 428 427 420 412 410 406 402 397 396 395 382 375 374 370 355 258 254 236 142 116 27 
433 428 421 420 416 412 411 410 402 397 396 395 376 375 374 366 355 264 263 243 236 144 138 134 129 27 
432 428 427 424 423 422 418 415 414 413 412 409 405 404 399 398 397 385 378 377 375 373 368 358 357 267 263 261 257 245 239 238 146 145 143 137 125 119 30 
431 429 428 417 416 409 407 406 401 394 393 392 391 381 372 371 354 253 235 140 139 133 122 71 26 
430 426 418 417 409 408 407 401 394 393 392 373 372 371 370 365 354 261 260 258 242 235 139 128 115 71 
429 428 427 424 422 421 420 418 417 416 414 411 410 408 407 405 402 401 400 399 395 394 393 392 391 385 384 382 381 378 374 373 371 370 368 358 355 354 267 263 261 260 258 257 256 254 253 245 239 236 235 146 145 142 140 139 137 136 133 131 125 122 119 116 71 30 27 26 
428 422 415 405 400 397 385 376 369 364 264 261 252 246 239 147 146 144 126 30 
427 421 404 396 384 379 375 368 363 263 260 251 245 238 145 143 131 118 
426 420 413 403 398 395 383 378 374 367 362 262 259 250 244 237 145 142 124 117 
425 423 422 419 418 416 405 403 402 401 390 389 388 387 380 368 367 365 353 253 234 137 133 121 114 70 25 
424 420 419 416 405 404 403 390 389 388 369 368 367 366 353 257 256 254 241 234 137 136 134 133 70 25 
423 422 421 419 418 416 415 414 412 411 410 405 404 401 400 399 397 396 395 387 380 379 378 375 374 365 358 355 267 263 257 256 254 253 246 243 241 239 236 141 138 137 136 129 126 121 114 30 27 
422 421 419 416 415 413 412 411 410 409 408 407 405 404 403 400 398 397 396 395 394 393 392 387 380 379 377 375 373 372 371 370 367 358 356 355 354 267 266 265 263 262 261 260 258 257 256 254 253 246 244 243 242 241 239 237 236 235 141 139 138 137 136 129 128 126 124 121 115 114 73 71 30 28 27 
421 420 419 418 416 415 411 409 408 407 406 405 404 402 398 397 396 391 390 389 388 383 381 379 378 377 375 374 371 370 368 367 365 364 358 356 355 353 263 261 260 259 258 256 255 254 253 252 246 243 242 241 237 236 234 146 145 142 140 139 138 136 129 128 126 122 119 115 70 28 27 26 25 
416 404 389 387 380 369 366 359 254 253 247 241 234 136 135 127 121 25 
415 413 412 409 408 406 403 402 385 384 383 382 363 362 360 352 248 247 233 113 24 
414 410 409 406 404 403 401 385 384 383 364 363 362 361 359 352 252 251 249 240 233 131 129 113 69 24 
411 402 396 382 376 366 361 258 249 243 236 143 142 138 134 72 
408 404 401 393 391 389 387 381 380 373 370 369 366 365 360 359 258 254 253 248 247 242 241 235 234 140 139 136 135 127 122 121 115 71 26 25 
406 402 384 382 364 361 359 249 248 240 233 130 129 127 69 24 
400 398 397 394 393 391 388 387 385 383 382 381 380 357 356 354 242 241 232 125 122 121 23 
399 395 394 391 389 388 386 385 384 383 380 358 357 356 355 353 246 245 243 232 125 123 121 120 
391 387 384 380 358 355 353 352 243 242 240 232 124 120 112 68 
379 377 376 373 372 370 367 366 364 362 361 360 359 358 357 356 355 352 235 234 119 118 116 114 113 67 22 
378 374 373 370 368 367 365 364 363 362 359 358 357 356 239 238 236 232 118 113 112 22 
370 366 363 359 357 355 352 236 235 233 232 119 118 117 114 113 112 67 
351 348 347 343 339 334 331 329 320 316 314 295 293 291 284 273 267 263 260 256 251 245 111 109 107 104 100 95 89 82 
350 348 344 343 336 328 326 322 318 313 312 311 298 291 290 286 271 264 263 262 258 254 243 236 108 107 87 80 72 
349 344 337 336 332 328 327 326 318 313 312 311 292 291 290 282 271 264 258 254 249 243 108 107 80 72 
348 344 343 340 339 338 334 331 330 329 328 325 321 320 315 314 313 301 294 293 291 289 284 274 273 266 264 263 261 260 257 256 251 246 245 239 111 109 108 107 104 101 100 95 90 89 83 82 75 
347 345 344 333 332 325 323 322 317 310 309 308 307 297 288 287 270 261 260 259 258 253 242 235 105 102 97 71 17 
346 342 334 333 325 324 323 317 310 309 308 289 288 287 286 281 270 261 258 253 248 242 104 103 97 71 
345 344 343 340 338 337 336 334 333 332 330 327 326 324 323 321 318 317 316 315 311 310 309 308 307 301 300 298 297 294 290 289 287 286 284 274 271 270 267 266 265 263 262 260 259 257 254 253 251 246 243 242 239 238 236 235 105 104 102 101 97 90 87 83 82 80 75 74 72 71 20 17 
344 338 331 321 316 313 301 292 285 280 266 257 252 111 105 101 83 21 
343 337 320 312 300 295 291 284 279 265 256 251 104 100 95 89 
342 336 329 319 314 311 299 294 290 283 278 255 250 109 103 99 73 19 
341 339 338 335 334 332 321 319 318 317 306 305 304 303 296 284 283 281 269 257 256 255 254 253 241 234 100 99 98 97 78 70 16 
340 336 335 332 321 320 319 306 305 304 285 284 283 282 269 257 254 253 247 241 101 98 91 78 70 16 
339 338 337 335 334 332 331 330 328 327 326 321 320 317 316 315 313 312 311 303 296 295 294 291 290 281 274 271 261 258 257 256 255 254 252 249 247 246 243 234 111 107 101 100 99 97 96 91 90 83 80 75 72 
338 337 335 332 331 329 328 327 326 325 324 323 321 320 319 316 314 313 312 311 310 309 308 303 296 295 293 291 289 288 287 286 283 274 272 271 270 266 262 259 257 256 254 253 252 250 249 248 247 246 244 243 242 234 111 109 107 104 101 100 96 94 91 90 88 83 81 80 75 72 71 
337 336 335 334 332 331 327 325 324 323 322 321 320 318 314 313 312 307 306 305 304 299 297 295 294 293 291 290 287 286 284 283 281 280 274 272 271 269 267 266 265 262 261 260 258 257 255 253 252 249 248 247 246 244 243 241 239 237 235 111 107 104 102 101 98 91 90 88 80 78 75 73 72 70 21 17 16 
332 320 305 303 296 285 282 275 255 247 100 98 97 91 78 70 
331 329 328 325 324 322 319 318 301 300 299 298 279 278 276 268 252 251 250 249 248 247 240 233 96 95 94 93 84 77 15 
330 326 325 322 320 319 317 301 300 299 280 279 278 277 275 268 252 249 248 247 240 93 92 91 69 15 
327 318 312 298 292 282 277 262 254 249 107 87 80 18 
324 320 317 309 307 305 303 297 296 289 286 285 282 281 276 275 259 255 253 248 247 104 102 100 98 91 78 70 
322 318 300 298 280 277 275 250 247 92 84 77 69 15 
316 314 313 310 309 307 304 303 301 299 298 297 296 273 272 270 246 245 244 243 242 241 232 90 88 87 86 85 68 
315 311 310 307 305 304 302 301 300 299 296 274 273 272 271 269 246 243 242 241 240 87 86 76 68 14 
307 303 300 296 274 271 269 268 244 241 240 87 86 85 84 14 
295 293 292 289 288 286 283 282 280 278 277 276 275 274 273 272 271 268 239 238 237 236 235 234 232 81 78 77 76 67 13 
294 290 289 286 284 283 281 280 279 278 275 274 273 272 239 236 235 234 233 232 79 78 76 13 
286 282 279 275 273 271 268 237 234 233 83 82 80 79 77 13 
267 265 264 261 260 258 255 254 252 250 249 248 247 246 245 244 243 240 238 237 235 232 75 73 72 69 68 
266 262 261 258 256 255 253 252 251 250 247 246 245 244 239 238 237 236 234 232 74 73 70 69 68 12 
258 254 251 247 245 243 240 239 236 234 233 74 73 71 69 12 
231 228 227 223 219 214 211 209 200 196 194 175 173 171 164 153 147 143 140 136 131 125 111 107 89 82 74 64 59 55 50 29 20 10 
230 228 224 223 216 208 206 202 198 193 192 191 178 171 170 166 151 144 143 142 138 134 123 116 102 98 80 63 62 57 53 42 27 
229 224 217 216 212 208 207 206 198 193 192 191 172 171 170 162 151 144 138 134 129 123 108 107 87 80 72 42 18 8 
228 224 223 220 219 218 214 211 210 209 208 205 201 200 195 194 193 181 174 173 171 169 164 154 153 146 144 143 141 140 137 136 131 126 125 119 111 107 105 101 89 83 82 74 64 63 60 59 55 50 45 30 29 20 10 
227 225 224 213 212 205 203 202 197 190 189 188 187 177 168 167 150 141 140 139 138 133 122 115 97 79 60 57 34 26 17 
226 222 214 213 205 204 203 197 190 189 188 169 168 167 166 161 150 141 138 133 128 122 105 104 102 86 79 71 60 58 57 52 41 34 
225 224 223 220 218 217 216 214 213 212 210 207 206 204 203 201 198 197 196 195 191 190 189 188 187 181 180 178 177 174 170 169 167 166 164 154 151 150 147 146 145 143 142 140 139 137 134 133 131 126 123 122 119 118 116 115 111 107 105 104 102 101 100 98 97 89 83 80 79 74 66 62 55 53 45 44 42 37 34 30 27 26 20 17 
224 218 211 201 196 193 181 172 165 160 146 137 132 108 105 96 90 83 75 66 63 56 51 45 30 21 
223 217 200 192 180 175 171 164 159 145 136 131 107 104 95 89 82 74 62 55 37 29 20 10 
222 216 209 199 194 191 179 174 170 163 158 135 130 106 103 94 88 81 73 64 61 54 49 43 36 19 
221 219 218 215 214 212 201 199 198 197 186 185 184 183 176 164 163 161 149 137 136 135 134 133 121 114 97 78 55 54 53 25 16 
220 216 215 212 201 200 199 186 185 184 165 164 163 162 149 137 134 133 127 121 101 100 98 85 78 70 55 46 40 6 
219 218 217 215 214 212 211 210 208 207 206 201 200 197 196 195 193 192 191 183 176 175 174 171 170 161 154 151 141 138 137 136 135 134 132 129 127 126 123 114 111 107 101 100 98 97 90 87 85 83 80 75 72 70 54 53 51 46 42 40 25 21 18 16 11 8 6 
218 217 215 212 211 209 208 207 206 205 204 203 201 200 199 196 194 193 192 191 190 189 188 183 176 175 173 171 169 168 167 166 163 154 152 151 150 146 142 139 137 136 134 133 132 130 129 128 127 126 124 123 122 114 111 110 109 107 106 105 104 102 101 100 98 97 90 88 87 86 85 83 81 80 79 75 73 72 71 70 65 61 60 57 53 52 51 49 46 42 41 40 34 28 25 21 18 16 11 8 6 
217 216 215 214 212 211 207 205 204 203 202 201 200 198 194 193 192 187 186 185 184 179 177 175 174 173 171 170 167 166 164 163 161 160 154 152 151 149 147 146 145 142 141 140 138 137 135 133 132 129 128 127 126 124 123 121 119 117 115 107 105 104 103 102 100 99 98 97 96 90 87 86 85 81 80 78 75 72 71 70 66 60 58 56 55 54 52 51 46 43 42 41 40 36 28 26 21 18 17 8 6 
212 200 185 183 176 165 162 155 135 127 98 97 91 85 78 70 55 40 16 6 
211 209 208 205 204 202 199 198 181 180 179 178 159 158 156 148 132 131 130 129 128 127 120 113 92 91 77 51 50 49 48 47 46 39 5 
210 206 205 202 200 199 197 181 180 179 160 159 158 157 155 148 132 129 128 127 120 96 95 93 84 77 69 51 50 47 46 39 32 5 
207 198 192 178 172 162 157 142 134 129 102 93 87 80 72 62 57 48 27 8 
204 200 197 189 187 185 183 177 176 169 166 165 162 161 156 155 139 135 133 128 127 102 98 97 92 91 86 85 79 78 71 70 59 55 52 47 41 40 34 26 16 6 
202 198 180 178 160 157 155 130 127 93 92 84 77 69 48 5 
196 194 193 190 189 187 184 183 181 179 178 177 176 153 152 150 126 125 124 123 122 121 112 86 85 76 45 43 42 31 23 
195 191 190 187 185 184 182 181 180 179 176 154 153 152 151 149 126 123 122 121 120 90 89 87 76 68 45 44 41 14 
187 183 180 176 154 151 149 148 124 121 120 87 86 84 76 68 40 31 23 4 
175 173 172 169 168 166 163 162 160 158 157 156 155 154 153 152 151 148 119 118 117 116 115 114 112 79 78 36 34 32 31 22 13 
174 170 169 166 164 163 161 160 159 158 155 154 153 152 119 116 115 114 113 112 83 82 80 76 67 38 37 35 34 33 22 13 
166 162 159 155 153 151 148 117 114 113 80 79 77 76 67 38 37 31 22 3 
147 145 144 141 140 138 135 134 132 130 129 128 127 126 125 124 123 120 118 117 115 112 71 70 67 30 28 27 26 25 24 23 22 
146 142 141 138 136 135 133 132 131 130 127 126 125 124 119 118 117 116 114 112 75 74 72 68 67 30 28 27 25 24 22 12 
138 134 131 127 125 123 120 119 116 114 113 72 71 69 68 67 29 28 27 23 22 2 
111 109 108 105 104 102 99 98 96 94 93 92 91 90 89 88 87 84 82 81 79 76 75 74 73 72 71 70 68 67 20 17 16 15 13 
110 106 105 102 100 99 97 96 95 94 91 90 89 88 83 82 81 80 78 76 75 72 71 70 69 68 21 20 19 18 17 1 
102 98 95 91 89 87 84 83 80 78 77 73 70 69 20 17 16 1 
66 64 63 60 59 57 54 53 51 49 48 47 46 45 44 43 42 39 37 36 34 31 30 29 28 27 26 25 23 22 17 16 13 10 5 
65 61 60 57 55 54 52 51 50 49 46 45 44 43 38 37 36 35 33 31 30 27 26 25 24 23 21 20 18 14 13 12 9 7 4 3 2 0 
57 53 50 46 44 42 39 38 35 33 32 28 25 24 18 17 15 14 13 12 10 8 6 5 4 3 2 1 
