





531 530 527 526 524 523 517 515 513 507 503 501 498 497 494 493 492 490 488 487 482 481 475 473 472 470 466 465 460 459 457 456 455 451 445 444 438 436 435 434 431 430 429 426 425 423 421 420 415 414 413 412 411 408 406 404 403 402 400 399 395 389 388 382 380 379 378 371 365 361 360 350 348 346 345 342 339 338 336 333 331 330 327 325 318 317 316 315 311 308 306 304 303 302 300 297 296 290 285 283 282 279 277 275 267 266 262 259 257 255 254 253 251 248 247 231 228 227 226 223 220 217 216 211 210 209 206 204 202 201 197 196 191 188 186 182 180 179 176 174 171 170 167 165 163 162 161 153 152 146 145 143 142 140 139 136 135 133 131 129 127 125 124 117 110 107 106 101 99 92 89 82 81 74 66 64 61 59 58 56 55 53 52 43 36 29 28 20 10 
511 510 508 507 505 504 503 502 500 497 496 495 492 489 488 486 482 480 479 475 474 472 470 468 467 464 463 460 458 456 455 454 453 452 450 447 446 444 442 441 439 438 437 436 435 433 432 426 424 419 417 416 415 413 412 411 410 409 405 403 401 400 396 393 392 389 387 385 384 382 381 380 371 360 358 357 356 355 354 351 349 348 346 342 340 339 336 335 334 333 332 331 329 328 327 326 324 323 321 320 316 315 314 313 311 308 307 306 305 303 301 300 298 290 283 281 278 277 276 273 272 271 270 262 259 255 253 250 249 246 225 220 216 215 214 213 212 211 210 208 204 201 198 195 192 190 189 188 187 186 184 183 182 181 180 179 176 173 170 167 163 156 155 154 152 151 146 142 139 135 133 130 129 128 126 125 124 117 106 99 95 93 92 88 86 81 64 61 58 52 50 49 48 46 43 42 36 28 
509 508 507 506 505 504 503 502 501 500 498 497 495 492 491 490 489 488 484 483 481 480 479 478 474 470 468 464 458 456 455 453 448 445 444 443 442 441 438 437 434 433 431 428 427 425 424 423 420 418 417 416 414 412 410 407 406 405 404 403 402 400 399 396 394 390 389 386 385 383 381 380 379 376 360 358 357 355 354 347 344 343 342 338 337 336 333 330 329 328 326 323 321 320 319 316 315 314 312 310 306 304 301 298 296 292 291 289 287 286 285 283 281 279 278 277 276 275 270 269 267 263 261 259 258 257 255 253 251 250 249 247 246 245 243 241 228 227 225 223 218 217 216 213 205 204 203 195 193 191 190 188 186 185 182 181 180 179 176 173 167 165 156 155 154 149 143 141 140 138 136 135 134 133 131 129 128 127 126 123 121 107 105 102 101 99 98 95 93 92 89 88 86 85 82 74 66 64 63 62 60 59 57 56 55 54 52 50 49 48 46 44 43 42 29 20 10 
510 508 506 503 501 498 494 491 490 489 487 486 485 483 482 480 477 475 473 472 470 465 464 463 462 461 460 459 458 456 455 454 452 448 447 444 437 436 435 433 429 426 425 420 418 415 412 406 401 400 399 398 394 392 391 389 387 382 381 379 375 372 371 365 359 355 354 351 350 349 348 346 343 342 340 339 338 336 333 330 324 323 322 321 318 317 316 312 310 307 304 303 301 299 297 291 290 288 285 284 283 282 276 275 274 272 270 269 267 262 259 257 256 255 254 253 248 246 244 243 241 230 223 220 217 216 211 209 208 207 202 200 199 197 195 193 191 187 186 183 182 180 179 178 173 170 168 167 165 163 162 161 160 156 149 147 146 145 142 139 135 133 132 131 130 128 127 126 124 123 121 118 117 107 106 101 99 96 91 89 86 85 81 74 64 62 61 58 56 55 53 52 51 45 44 42 37 36 28 20 
530 529 528 526 522 519 518 516 515 512 505 498 497 491 490 489 486 483 480 478 477 475 472 471 470 469 468 467 465 463 459 456 450 448 447 445 444 440 439 438 434 432 431 430 426 425 424 423 421 419 418 417 416 413 412 410 409 405 403 400 394 392 391 389 388 384 383 382 379 377 374 361 360 359 351 350 349 348 347 346 345 343 342 340 337 332 330 328 326 323 321 320 318 316 311 310 307 305 304 303 301 299 297 296 293 289 286 284 283 282 280 278 277 267 262 261 258 256 255 254 252 250 248 247 231 229 228 227 226 223 221 220 217 216 215 214 213 210 208 206 205 203 202 196 195 194 191 188 187 180 179 171 163 162 160 153 152 146 143 142 141 140 139 138 136 135 131 129 125 124 117 107 106 105 103 102 100 99 95 92 91 89 82 81 74 66 61 60 59 58 57 55 53 51 49 43 36 29 28 20 10 
508 506 504 503 502 500 498 497 495 494 493 491 490 489 488 486 484 483 482 480 479 477 475 474 473 472 468 466 465 463 462 460 459 457 456 455 453 450 447 446 445 444 442 440 436 434 433 430 429 428 426 425 420 418 417 416 414 413 412 410 408 407 406 404 402 401 395 394 390 386 385 383 381 379 376 373 372 370 360 354 344 342 336 335 334 333 331 330 329 328 326 325 323 322 321 320 319 317 316 315 314 310 306 304 303 302 297 296 292 291 287 284 283 280 278 275 273 269 267 263 261 260 259 258 256 255 252 250 248 247 245 242 241 228 224 223 221 218 217 216 215 214 212 211 210 208 206 205 204 202 200 199 198 196 195 191 189 185 183 182 181 179 173 169 168 166 154 150 149 143 139 136 135 134 133 132 131 127 125 121 115 107 100 99 98 97 96 95 92 89 88 85 82 79 74 66 64 63 62 60 59 57 55 54 49 44 43 41 34 29 26 20 17 10 
503 502 501 498 496 494 492 491 487 486 484 483 482 478 477 476 475 473 467 457 451 448 447 444 443 442 441 440 439 438 437 436 433 431 428 425 423 422 421 417 412 411 408 407 406 405 401 400 399 398 396 395 393 392 391 389 386 385 383 382 381 380 376 368 366 356 355 354 353 352 350 347 344 343 342 341 335 332 330 329 327 325 321 320 315 314 313 312 310 309 308 307 306 304 302 299 298 297 295 292 290 289 286 279 278 269 267 262 261 258 256 254 251 250 244 243 242 240 228 222 217 214 210 209 205 204 203 200 199 197 193 192 187 186 184 183 182 181 179 178 177 176 175 165 160 154 152 148 141 138 135 134 133 132 127 123 122 121 105 102 98 97 96 95 91 88 85 84 78 70 66 63 61 60 57 51 49 46 43 42 41 40 16 6 
504 503 501 496 494 493 492 491 488 485 484 483 482 480 479 478 477 475 473 472 468 465 464 462 461 458 456 452 450 448 447 445 443 440 439 438 437 436 434 433 431 429 428 427 422 420 418 415 413 409 408 406 405 402 397 395 394 391 390 386 385 384 381 380 377 376 375 374 372 367 357 354 353 350 349 346 345 344 343 342 339 338 337 336 334 333 331 329 328 323 322 318 317 315 313 309 307 305 303 302 301 298 297 294 293 292 290 288 283 282 281 280 276 273 271 269 268 266 263 254 253 252 248 243 242 240 231 230 229 228 227 226 225 220 219 218 214 213 212 210 209 207 204 203 202 196 195 194 193 192 189 187 185 184 183 181 177 176 174 170 168 165 163 160 156 155 154 153 152 151 149 147 146 145 143 142 140 139 136 128 127 124 123 122 120 118 117 110 103 100 98 97 95 91 84 82 81 78 70 66 65 63 59 58 55 53 52 51 44 43 41 40 37 36 29 28 16 10 6 
495 494 493 481 480 478 477 476 470 469 466 465 464 463 462 461 459 455 454 451 450 449 448 447 444 439 437 420 419 416 414 410 409 407 406 405 404 401 399 395 394 392 391 390 389 387 386 380 359 353 341 337 332 330 329 326 325 324 322 321 320 317 315 314 311 310 309 307 305 303 302 299 297 296 285 278 276 272 270 257 250 248 247 244 242 241 219 218 215 214 209 206 204 203 202 199 194 191 189 188 187 182 179 177 176 162 161 156 152 137 136 135 134 128 127 122 121 114 100 97 91 88 86 85 70 56 54 53 49 46 41 40 25 16 6 
501 499 498 497 496 492 489 488 486 485 483 481 478 477 476 475 474 473 472 471 470 469 467 466 465 464 463 460 459 458 456 455 454 451 449 448 447 445 444 442 441 440 435 433 430 428 427 426 425 423 420 419 417 415 414 413 410 405 403 399 398 396 395 392 391 388 385 380 379 376 375 373 371 370 369 368 367 361 359 357 354 352 351 350 346 335 334 332 330 325 321 312 311 309 308 307 306 303 301 300 299 298 296 295 291 290 288 286 283 282 281 278 277 276 275 273 270 268 264 262 261 260 259 257 256 254 253 250 248 230 229 228 227 225 223 222 221 220 219 218 215 214 209 207 205 203 202 199 197 195 193 192 188 187 185 184 182 181 179 176 174 173 169 166 163 162 156 155 152 151 150 148 147 146 145 142 141 140 138 135 132 131 129 128 127 126 125 124 122 120 118 117 115 111 108 107 102 100 97 95 91 90 89 87 86 83 81 79 75 74 66 64 62 61 60 58 56 53 52 51 50 49 46 44 43 42 37 36 34 28 26 21 20 17 11 
476 473 469 468 467 465 463 462 460 459 458 456 451 450 449 448 445 443 442 440 439 438 437 436 435 432 431 428 426 424 420 417 416 414 412 411 410 408 406 404 399 396 395 392 391 388 387 386 382 378 376 374 373 370 367 366 364 361 359 358 357 355 354 347 341 335 334 318 315 314 313 311 310 306 305 302 301 297 296 290 288 287 286 282 281 279 278 275 274 268 264 263 260 259 258 257 255 254 253 246 244 242 240 239 236 227 225 218 216 215 213 209 208 204 201 200 199 198 197 196 195 194 191 190 188 186 185 183 179 178 177 174 169 167 166 161 160 158 155 154 153 152 151 149 145 141 140 139 138 137 136 134 133 130 129 127 126 125 123 121 120 117 115 114 108 107 105 103 100 99 98 97 88 85 84 83 81 79 78 72 65 64 62 57 56 55 54 53 52 46 43 42 41 38 37 36 35 34 26 25 18 17 8 
496 494 492 489 488 486 485 484 483 478 477 474 473 472 470 466 464 462 460 459 457 456 455 454 453 451 449 446 445 444 443 442 439 438 437 435 433 426 423 422 421 419 418 415 413 411 410 408 407 405 403 400 399 398 395 392 388 387 385 384 383 381 380 379 378 377 375 374 372 371 369 367 366 365 361 360 359 358 356 351 348 347 344 343 340 339 337 336 335 332 331 327 324 322 320 318 314 312 310 307 305 304 303 301 300 297 293 292 291 289 288 285 283 282 281 279 277 276 275 273 271 269 268 267 266 264 262 261 259 251 246 245 244 243 241 240 230 225 224 223 221 220 219 217 213 212 211 210 209 208 207 206 205 204 201 200 199 196 194 192 190 188 187 186 185 181 177 176 175 168 167 163 162 156 153 152 149 147 137 136 135 132 131 130 129 128 123 121 118 114 111 110 108 107 106 105 103 99 97 92 91 90 89 88 87 84 83 75 74 70 64 63 62 61 60 55 51 50 46 43 42 40 39 37 25 21 20 16 11 6 
500 498 496 492 491 489 488 485 484 482 478 476 474 473 471 470 469 467 466 465 464 459 454 450 449 448 447 445 440 439 434 433 431 430 421 420 418 417 410 409 407 406 405 404 403 401 400 399 396 388 387 384 383 381 380 375 373 370 369 368 367 361 359 358 357 352 350 349 348 347 344 340 339 338 337 332 331 325 324 321 319 318 313 308 307 306 303 299 298 296 295 292 291 289 288 287 285 283 281 279 278 277 276 270 269 268 267 264 260 259 258 256 253 251 250 248 247 246 245 242 241 230 229 225 223 222 221 219 211 210 209 208 207 202 201 199 198 197 196 195 194 193 191 190 189 187 177 176 174 173 170 169 166 165 156 155 154 151 150 148 147 145 139 136 135 134 132 130 129 128 120 118 115 111 108 106 105 101 100 98 97 95 91 90 87 86 83 82 79 75 64 63 59 57 55 54 52 51 50 49 46 42 41 37 34 29 26 21 17 11 10 

493 468 458 453 443 438 410 402 395 387 382 322 307 277 271 249 243 202 198 187 178 157 123 93 87 42 
498 497 496 493 492 491 489 488 487 486 485 484 483 476 471 469 467 464 463 462 458 456 454 452 450 449 447 442 436 434 433 427 426 424 421 420 413 410 409 407 406 401 398 395 392 387 386 385 383 382 381 375 372 369 368 367 361 359 355 352 350 349 348 344 340 339 337 335 322 321 320 319 318 313 308 306 305 303 302 299 298 295 292 291 287 286 283 281 280 278 270 267 264 260 259 258 257 256 253 252 250 249 247 243 242 240 230 229 227 224 223 222 219 215 214 213 212 209 207 206 203 201 200 197 195 194 191 188 186 183 179 176 174 173 170 167 165 162 155 154 153 151 150 148 147 145 141 138 136 134 130 127 126 123 122 118 111 108 106 102 100 97 96 95 93 90 87 86 85 84 83 82 78 75 70 64 63 57 56 54 52 51 49 48 44 41 40 37 29 21 16 11 10 6 

492 465 462 461 458 457 450 447 446 443 442 441 438 437 407 403 401 392 388 386 383 381 322 318 317 307 303 302 298 297 276 275 270 269 268 248 247 242 241 240 187 183 182 180 176 155 150 127 122 92 86 84 47 46 41 39 
494 492 491 490 489 488 487 486 482 481 479 477 475 473 467 464 462 460 459 457 456 455 454 450 449 447 446 441 439 438 437 436 435 429 425 424 423 422 420 417 416 415 412 411 409 404 402 400 398 397 396 395 391 389 388 387 386 385 383 377 375 368 366 365 361 360 359 357 356 354 353 352 350 347 345 341 340 337 335 334 333 326 323 322 321 319 318 317 316 315 314 313 312 311 308 305 304 302 301 300 299 296 295 293 291 290 288 287 284 282 277 276 275 274 272 271 269 267 262 260 259 253 246 245 243 242 240 230 228 227 225 223 222 220 219 218 214 199 198 196 189 188 186 183 181 179 176 168 167 164 163 161 156 155 154 153 150 149 148 145 135 133 131 129 128 127 126 123 122 118 111 107 99 98 92 91 89 88 87 85 84 74 62 61 53 52 46 45 42 41 37 20 
468 457 456 455 453 452 446 444 443 442 441 440 438 435 434 432 428 427 426 425 424 423 422 421 419 418 415 414 412 411 408 406 405 403 401 399 398 393 391 390 385 384 383 382 375 374 366 365 362 360 357 355 354 349 348 347 345 343 340 338 336 335 334 333 330 329 328 326 325 323 320 319 315 314 313 310 309 308 307 306 303 299 295 293 289 287 285 282 281 278 274 272 271 270 267 262 259 257 250 249 246 244 240 239 238 235 234 229 227 225 223 222 220 217 215 209 208 204 203 202 200 198 196 195 194 190 189 186 184 183 181 180 176 175 174 172 171 167 166 165 163 161 155 153 152 151 150 148 145 140 137 136 135 134 133 131 129 126 125 121 114 113 111 107 106 102 100 99 98 93 91 89 88 84 82 79 78 77 74 63 62 61 59 57 56 55 54 53 49 47 46 44 42 38 34 33 32 25 20 

473 472 470 469 468 464 462 460 459 458 455 454 452 451 450 449 447 446 445 444 443 441 438 437 434 432 429 428 427 424 421 420 419 418 415 414 413 409 408 405 403 402 400 398 397 395 394 393 392 391 390 389 388 387 385 382 380 373 371 370 368 366 362 361 360 359 358 356 355 353 352 350 349 348 344 342 341 338 334 333 331 328 326 325 323 319 318 316 315 314 309 305 304 303 302 301 299 295 292 291 289 287 286 280 278 276 275 274 273 272 270 268 267 262 260 259 258 257 254 253 251 250 248 246 245 244 243 242 237 236 235 229 228 227 226 223 221 220 219 216 215 214 212 211 209 208 207 206 202 201 199 198 196 195 191 189 184 183 179 177 174 170 169 166 164 163 162 159 158 157 155 154 153 152 150 148 147 146 145 143 142 140 138 137 135 134 131 130 124 121 120 119 115 114 106 105 101 99 96 92 91 90 89 88 87 83 81 80 75 74 72 70 66 64 61 58 57 56 54 53 52 49 48 47 45 44 42 41 40 38 37 35 29 28 26 25 21 20 18 17 16 11 10 8 6 


469 466 465 464 462 461 457 455 453 450 441 440 439 436 435 434 433 432 431 430 427 426 424 423 422 420 417 416 414 412 411 410 409 406 404 403 398 396 394 391 390 389 387 385 382 378 376 373 370 368 367 366 364 362 361 360 359 358 357 356 354 353 350 349 347 345 344 343 342 341 340 339 338 337 336 335 334 330 328 327 325 324 322 318 315 313 312 310 308 304 302 301 297 295 293 291 290 289 288 287 285 284 283 282 280 279 277 273 272 271 270 268 265 263 262 261 256 253 252 251 249 246 244 240 239 237 236 235 231 225 221 220 219 216 215 214 212 210 207 206 205 204 203 202 200 199 191 189 188 187 186 182 178 177 176 173 172 171 169 167 164 162 160 158 157 156 155 154 153 152 149 146 143 142 140 138 136 134 133 132 130 128 126 125 124 122 120 118 115 111 109 106 103 100 99 96 93 92 88 85 84 82 81 80 70 66 61 60 58 57 54 52 47 45 44 40 38 37 35 29 28 26 17 16 10 6 
475 474 472 471 468 466 464 463 459 457 455 453 452 450 449 445 441 440 438 437 434 433 430 429 427 424 423 418 414 413 412 409 407 404 403 401 399 398 396 392 389 386 385 384 381 380 378 377 376 372 371 370 367 366 365 362 361 360 358 357 354 353 348 347 343 341 340 337 334 333 331 330 328 327 325 323 322 321 320 319 318 316 314 312 308 307 304 301 300 298 295 294 293 291 288 287 286 282 281 280 279 278 273 272 270 267 265 262 260 259 253 251 250 249 246 244 243 241 237 235 231 230 229 228 226 224 216 214 213 209 208 207 204 203 201 199 196 195 192 191 190 189 188 187 183 182 179 176 175 172 171 169 168 167 166 164 163 158 154 153 152 151 146 145 142 136 134 130 129 124 122 121 120 119 118 115 109 107 105 104 103 102 101 100 97 96 95 93 90 87 82 75 72 65 64 61 59 58 54 52 50 49 48 44 43 39 38 37 36 29 28 26 21 18 17 11 10 8 
474 470 468 465 464 460 459 458 457 455 454 453 452 449 448 447 444 442 439 434 432 431 430 429 426 424 423 420 415 413 410 404 400 399 396 394 392 391 389 385 384 383 381 378 377 376 374 372 370 369 368 367 365 364 363 361 360 359 358 357 356 355 354 353 352 351 348 345 343 342 341 339 338 337 336 335 334 333 332 327 325 324 323 321 319 318 315 313 312 306 304 303 300 299 297 296 294 293 292 290 284 281 276 275 272 271 270 269 267 266 263 262 260 259 255 253 251 249 247 246 244 242 240 239 238 234 231 230 227 225 223 218 217 215 214 212 206 204 202 201 197 195 193 189 188 186 184 181 176 175 174 173 172 169 168 167 166 165 161 159 157 156 154 152 149 148 147 141 138 135 133 128 127 123 122 121 120 118 110 107 106 104 101 99 96 93 92 90 87 86 85 84 83 81 80 78 75 72 66 65 62 61 54 53 52 50 46 45 43 41 39 38 36 34 33 21 18 11 8 






461 460 459 457 454 453 452 450 449 447 446 444 442 441 440 439 437 435 434 432 429 427 423 419 417 416 414 413 412 411 407 406 405 404 402 401 396 390 388 387 384 383 382 380 379 378 377 374 372 369 366 364 361 359 349 346 345 344 343 342 341 339 338 337 334 333 332 331 330 326 324 323 320 319 318 317 316 315 312 309 308 307 305 303 299 298 297 296 292 286 285 283 282 281 280 278 276 275 274 270 268 267 265 262 260 259 254 253 251 250 249 248 246 244 243 242 239 237 236 233 228 227 225 224 222 221 220 219 218 217 216 215 214 213 212 208 206 200 198 197 195 194 193 192 191 188 187 186 184 183 180 178 177 174 172 171 170 168 165 163 162 161 160 159 158 157 156 154 153 152 151 149 146 145 143 142 139 136 135 133 132 131 130 128 127 126 125 124 123 122 121 118 115 114 111 109 107 106 105 103 101 97 95 93 89 88 86 82 81 80 78 77 74 70 66 65 63 61 58 56 55 53 52 51 49 44 43 41 40 35 34 32 28 25 20 16 11 6 





528 526 522 520 519 518 517 516 515 514 512 511 509 507 505 504 503 502 501 496 495 492 491 490 489 483 482 478 477 476 473 470 465 464 460 458 456 450 448 447 445 444 441 440 436 434 432 431 430 426 425 424 423 421 419 418 417 416 415 414 413 412 411 410 408 407 406 404 403 400 394 392 391 389 388 385 384 380 379 377 374 364 363 359 351 350 349 348 347 346 345 343 340 337 336 333 331 329 325 324 321 320 319 318 316 311 310 308 307 305 303 302 293 289 287 286 284 282 281 280 279 275 267 262 261 259 258 256 254 253 231 229 228 227 226 225 223 221 220 219 217 216 215 211 209 207 206 205 199 197 196 195 194 191 187 185 184 183 182 179 171 167 165 163 159 155 153 152 146 143 142 141 140 139 138 136 135 132 125 124 117 107 106 105 103 102 100 98 97 89 85 82 81 78 74 70 66 61 60 59 58 57 54 53 52 50 43 40 36 29 28 20 16 10 6 
466 465 464 463 461 460 459 458 455 454 453 452 449 448 447 446 444 443 442 441 437 435 433 431 430 428 423 421 419 416 414 412 411 405 402 401 400 399 397 390 389 388 387 384 383 379 378 377 374 370 369 368 367 365 360 359 358 356 354 348 344 341 339 338 335 334 333 332 329 328 324 323 322 320 319 318 317 316 315 313 312 308 307 305 302 301 300 299 298 295 294 293 292 291 290 284 283 281 280 278 274 273 272 270 267 265 262 260 259 258 254 250 249 246 245 244 242 239 236 233 230 229 225 223 220 218 213 212 210 207 206 203 201 200 198 195 191 190 187 186 185 184 182 180 179 174 173 172 170 162 161 159 158 155 154 151 149 148 146 145 142 141 137 136 135 133 132 130 128 127 126 124 121 117 115 114 109 105 104 103 100 96 95 93 92 88 86 83 82 79 77 70 66 64 63 61 59 58 57 53 51 50 49 47 44 43 42 41 40 39 38 37 35 28 26 25 17 16 6 






