231 227 224 220 218 210 208 205 201 196 195 193 181 175 174 169 154 147 146 144 141 137 126 119 105 101 83 63 60 45 30 
230 227 223 219 217 211 209 207 204 200 196 194 192 180 173 168 153 147 145 143 140 136 125 118 104 100 82 66 64 59 50 44 37 29 10 
229 224 221 220 215 211 210 201 196 195 175 174 172 165 154 144 141 137 132 126 111 108 90 83 75 51 21 11 
226 222 219 213 210 209 199 195 194 174 173 170 163 152 146 142 139 135 130 124 110 109 106 88 81 73 65 61 58 54 49 28 
207 198 192 178 172 162 157 142 134 129 102 93 87 80 72 62 57 48 27 8 
212 204 197 189 187 177 169 166 161 156 139 133 128 102 92 86 79 71 59 52 47 41 34 26 
559 556 555 546 545 542 536 526 525 506 491 487 456 435 434 431 425 400 379 347 341 295 230 228 227 223 219 214 211 209 200 196 194 173 171 164 153 147 143 140 136 131 125 111 107 89 82 74 64 59 55 50 29 20 10 
558 557 554 550 546 544 541 535 534 524 505 488 486 479 455 454 433 432 430 429 424 423 413 399 398 378 351 348 346 340 314 294 293 265 229 228 226 225 220 210 194 174 173 145 109 
554 553 548 545 544 543 539 533 532 524 523 503 489 488 484 477 453 452 433 428 427 422 421 411 397 396 376 350 344 338 312 292 291 263 218 217 208 207 171 63 62 
559 556 555 553 550 548 546 543 540 536 532 529 526 523 522 520 518 506 502 499 491 488 487 485 483 456 452 449 435 432 429 425 421 418 400 396 393 379 375 372 347 343 341 337 334 295 291 288 225 223 214 207 204 192 189 180 168 164 145 131 118 111 107 100 89 74 66 62 55 44 37 20 
558 557 554 553 550 547 543 540 535 531 528 526 521 520 517 505 504 501 498 486 482 479 455 451 448 435 432 429 424 420 417 413 399 395 392 378 377 374 371 351 348 346 345 342 340 339 336 333 314 294 290 287 265 231 228 225 220 219 213 210 206 203 194 188 174 173 170 145 109 103 
551 549 548 547 541 538 537 530 527 522 521 517 500 499 497 486 482 474 450 447 431 430 429 427 426 419 416 408 394 391 373 372 370 347 343 335 334 332 309 289 286 260 227 225 224 213 204 203 197 188 177 169 168 167 166 150 141 140 139 138 133 122 115 105 102 97 79 34 26 17 
555 552 548 546 545 543 536 529 526 525 523 512 495 491 488 474 456 452 431 427 425 423 421 415 411 404 400 396 368 341 337 334 316 312 305 295 291 267 263 256 214 207 196 185 175 171 66 62 55 
554 553 551 550 547 546 544 543 535 534 528 526 524 523 511 494 491 488 473 455 451 430 426 424 423 420 414 410 403 399 395 367 351 348 340 339 336 333 315 311 304 294 290 266 262 255 219 216 206 199 195 184 174 170 110 106 99 65 61 
536 535 533 532 531 516 515 513 512 511 481 480 477 476 446 443 419 416 405 402 390 387 341 337 306 303 285 282 257 254 219 218 217 215 214 212 200 197 176 161 137 136 135 134 127 114 100 97 85 70 56 54 46 40 25 16 6 
555 549 546 545 544 542 541 536 535 526 525 524 522 521 513 496 491 490 487 486 484 480 455 453 450 433 430 425 422 419 414 412 409 405 399 397 394 369 351 350 349 347 344 341 338 335 315 313 310 306 294 292 289 266 264 261 257 229 224 211 210 208 205 196 186 175 154 132 126 111 110 108 105 90 83 75 65 63 60 56 51 21 11 
549 545 543 539 538 537 533 532 531 525 523 519 518 517 493 490 488 484 483 482 476 453 451 447 433 426 422 421 416 412 410 406 402 397 395 391 366 350 349 348 344 343 338 337 332 313 311 307 303 292 290 286 264 262 258 254 229 224 218 217 207 198 193 192 191 187 171 151 129 123 108 107 106 102 87 80 72 63 61 57 42 18 8 
536 534 533 532 531 530 529 528 516 514 513 512 511 510 509 508 481 479 477 475 474 473 472 446 444 443 442 424 420 417 405 403 402 401 390 388 387 386 341 340 339 337 336 335 334 332 306 304 303 302 285 283 282 281 257 255 254 253 220 218 217 216 200 182 176 163 161 137 136 135 134 133 127 114 100 97 85 70 56 52 46 40 25 16 6 
532 502 490 477 467 432 421 411 343 327 312 291 263 223 192 143 
207 198 192 178 172 162 157 142 134 129 102 93 87 80 72 62 57 48 27 8 
502 468 458 410 402 322 298 277 249 202 198 178 157 93 
529 518 512 499 495 487 483 481 477 474 464 460 429 423 418 408 404 343 337 334 324 320 309 305 288 284 260 256 214 200 168 140 100 59 
529 509 507 492 475 472 457 417 401 332 317 302 281 253 214 204 197 189 187 182 177 169 166 161 156 139 133 128 102 92 86 79 71 59 47 41 34 26 
499 497 495 493 465 462 461 458 457 407 403 401 322 318 317 297 296 276 275 248 247 155 127 92 47 46 
553 552 548 542 540 538 536 532 525 518 516 514 504 499 491 488 485 483 479 474 471 456 454 452 445 435 432 431 427 425 423 418 415 411 408 404 400 398 396 389 379 377 372 347 345 343 339 337 334 331 316 312 309 305 293 291 284 267 263 260 256 227 225 221 219 217 207 204 189 175 171 164 147 111 100 66 62 
549 548 545 539 538 537 533 532 523 513 512 511 501 497 490 489 488 482 477 476 472 468 453 451 443 434 433 432 428 427 422 420 416 412 406 402 397 395 387 376 374 370 344 343 342 337 336 332 328 313 307 303 290 282 264 258 254 230 224 222 218 208 207 202 193 192 191 183 171 166 151 129 123 108 107 98 87 80 72 53 42 18 8 
536 532 530 529 528 527 514 513 512 507 494 492 481 480 479 477 476 473 472 461 446 444 443 425 424 423 420 419 418 416 405 402 401 390 388 387 369 367 365 337 335 334 333 332 321 306 303 302 283 282 257 254 253 221 217 216 214 213 212 200 198 186 185 183 182 164 161 149 137 127 121 101 100 99 85 78 70 56 55 54 53 52 46 40 6 
558 548 547 539 538 537 527 519 518 517 484 483 482 472 447 428 416 406 391 344 343 307 286 258 224 212 187 138 102 57 
231 229 226 225 222 216 210 206 203 199 195 194 191 179 173 167 152 146 145 142 139 135 124 117 103 99 81 54 43 36 28 
556 554 551 550 547 535 531 528 515 514 511 494 479 473 444 424 423 420 417 388 367 333 283 216 199 184 163 99 54 
559 557 547 539 537 527 519 518 517 497 483 482 447 428 427 426 416 391 370 332 286 212 202 187 166 102 57 
560 558 547 541 537 528 521 520 517 498 485 448 430 429 426 417 392 371 333 287 226 225 222 213 203 188 103 
561 558 557 544 537 531 524 523 501 488 482 451 433 432 426 420 395 374 342 336 290 229 222 206 170 
538 532 527 518 512 497 493 484 478 472 462 458 426 420 416 406 402 332 322 318 307 303 286 282 258 254 223 217 212 202 162 138 102 53 
542 536 530 522 519 516 513 500 496 484 478 475 465 461 430 424 419 409 405 344 338 335 325 321 310 306 289 285 261 257 227 221 215 205 190 186 165 141 101 56 
538 527 518 497 484 472 462 426 416 406 322 307 286 258 223 202 138 102 
545 533 525 503 478 468 433 422 412 344 328 313 292 264 230 224 208 172 144 63 
532 531 530 529 527 504 503 502 497 496 495 494 471 470 469 467 466 463 462 460 459 457 441 439 438 436 415 414 413 410 409 408 406 405 403 401 385 383 382 380 364 362 360 327 325 324 323 322 320 319 318 317 301 298 297 296 278 277 275 252 249 248 247 207 204 202 199 198 197 178 176 160 158 132 130 129 127 93 92 51 48 
548 547 542 538 530 529 527 520 519 518 510 509 508 498 487 486 485 483 482 474 473 465 450 448 447 442 431 430 429 426 419 417 409 406 401 394 392 391 386 373 371 343 334 333 332 325 310 307 302 287 286 281 261 258 253 227 213 212 204 203 202 197 188 182 177 166 161 141 140 139 138 133 128 115 104 103 97 86 71 60 58 57 41 26 17 
555 554 552 549 545 542 541 539 536 533 526 525 519 516 515 505 500 491 490 489 486 484 481 480 475 455 453 446 435 433 431 428 424 419 412 409 405 399 397 390 378 373 350 347 346 344 341 340 338 335 313 310 306 294 292 285 264 261 257 226 221 220 211 205 195 190 175 160 154 147 137 132 126 119 108 96 90 75 66 63 60 51 21 
549 548 542 540 539 538 537 530 529 528 522 520 519 518 517 507 492 487 485 483 473 450 448 447 430 426 419 418 416 409 407 406 401 394 392 391 365 347 346 345 343 342 335 334 332 310 308 307 302 289 287 286 261 259 258 253 226 222 215 204 197 190 189 188 187 182 169 168 167 166 150 128 122 104 86 79 71 41 34 
554 553 551 547 546 544 543 541 540 535 534 526 524 523 521 520 511 494 491 488 486 485 482 455 451 448 424 423 420 417 414 410 407 403 399 395 392 367 351 348 346 345 342 340 339 336 333 315 311 308 304 294 290 287 266 262 259 255 226 222 216 213 210 209 206 203 194 184 173 163 152 146 142 139 135 130 124 109 99 88 81 73 54 49 28 
555 552 548 545 543 542 540 536 534 525 523 522 520 512 495 487 485 483 479 456 454 452 449 435 432 429 425 421 418 415 413 411 408 404 400 398 396 393 368 351 348 347 343 341 337 334 316 314 312 309 305 295 293 291 288 267 265 263 260 256 231 228 227 223 214 207 204 196 194 185 175 173 171 145 109 104 66 62 55 
553 549 548 545 544 533 532 527 525 524 493 490 489 472 453 428 422 421 420 412 402 397 366 350 338 337 332 313 303 292 264 254 218 217 216 212 207 206 198 193 192 191 171 170 151 138 129 123 108 107 87 80 72 63 42 18 8 
556 555 552 549 545 544 536 530 525 524 513 496 490 489 475 453 428 425 424 422 412 405 397 369 350 341 338 335 313 306 292 264 257 220 215 211 210 208 196 195 186 175 174 154 141 132 126 111 108 90 83 75 63 56 51 21 11 
540 539 538 535 533 532 531 529 528 527 506 505 501 500 499 498 497 470 466 465 463 462 460 441 438 437 415 414 413 411 410 408 407 405 402 401 385 382 381 364 363 361 360 331 327 325 324 322 321 320 318 317 300 280 277 276 251 211 210 206 204 203 201 200 197 177 159 156 132 131 129 128 95 92 
550 549 548 535 532 531 529 528 516 515 511 510 509 508 507 496 495 493 492 480 476 475 473 472 446 443 442 425 424 423 421 420 418 417 404 390 387 386 369 368 366 365 341 337 335 334 332 305 285 282 281 256 221 220 218 216 214 213 212 201 198 197 186 185 183 161 101 98 55 53 
557 554 548 547 544 538 537 533 527 525 524 519 518 517 503 502 497 489 484 482 477 453 447 434 433 432 427 426 422 416 411 397 391 376 375 370 350 344 343 338 337 332 312 292 286 263 230 224 223 218 216 212 207 206 198 193 192 191 187 178 171 170 151 144 143 142 138 134 123 116 98 80 62 53 42 27 
560 559 555 554 552 551 549 545 544 542 541 533 530 524 522 521 519 506 503 500 489 486 484 481 453 450 435 434 433 431 430 422 419 415 397 394 379 376 373 350 347 344 341 338 335 316 292 289 267 230 224 221 220 210 201 195 193 190 181 175 174 154 147 146 144 141 137 126 119 101 83 66 45 30 
543 539 538 535 534 533 529 505 504 503 470 469 467 465 460 441 440 414 412 411 409 408 405 404 385 384 364 331 327 325 321 300 280 279 251 211 210 204 201 132 95 
553 549 548 536 535 534 533 530 515 514 513 496 480 479 477 475 446 445 424 422 421 419 418 404 390 389 369 341 337 335 305 285 284 256 220 215 201 186 164 101 100 
557 551 550 549 542 541 540 539 530 529 521 520 519 500 486 485 483 474 450 449 430 428 427 419 418 408 394 393 373 347 343 335 309 289 288 260 225 223 205 204 190 169 105 104 60 
561 559 556 552 546 536 526 491 490 481 456 434 431 425 415 400 350 316 295 267 231 227 224 221 220 218 210 208 205 201 195 193 181 174 169 154 147 146 144 141 137 126 119 105 101 83 66 63 60 45 30 
